38.35 51.96 52.79 8.77 17.11 82.83 67.86 79.31 16.19 60.01
67.37 35.08 41.65 47.31 67.34 9.99 34.76 61.8 61.89 32.18
41.53 21.16 5.6 56.02 19.14 46.02 42.62 13.4 12.43 78.13
80.79 98.84 54.64 57.22 42.27 15.32 51.22 23.21 74.44 32.08
11.74 53.12 86.57 81.11 7.56 16.12 8.61 41.08 28.93 39.01
18.71 53.17 87.34 72.02 54.67 48.84 81.25 23.89 9.45 93.81
86.26 73.12 55.4 94.39 89.68 92.16 46.54 82.94 13.48 89.68
98.74 16 99.25 14.01 9.78 42.15 24.12 1.29 83.38 22.22
53.42 43.7 37.89 58.96 58.79 78.29 74.46 35.57 43.38 22.54
34.57 9.74 34.78 61.78 17.16 28.51 64.35 3.74 89.68 48.99
