38.35 51.96 52.79 8.77 17.11 82.83 67.86 79.31 16.19 60.01
67.37 35.08 41.65 47.31 67.34 9.99 34.76 61.8 61.89 32.18
41.53 21.16 5.6 56.02 19.14 46.02 42.62 13.4 12.43 78.13
80.79 98.84 54.64 57.22 42.27 15.32 51.22 23.21 74.44 32.08
11.74 53.12 86.57 81.11 7.56 16.12 8.61 41.08 28.93 39.01
18.71 53.17 87.34 72.02 54.67 48.84 81.25 23.89 9.45 93.81
86.26 73.12 55.4 94.39 89.68 92.16 46.54 82.94 13.48 89.68
98.74 16 99.25 14.01 9.78 42.15 24.12 1.29 83.38 22.22
53.42 43.7 37.89 58.96 58.79 78.29 74.46 35.57 43.38 22.54
34.57 9.74 34.78 61.78 17.16 28.51 64.35 3.74 89.68 48.99
56.78 33.21 69.8 59.8 2.17 26.61 1.08 58.76 96.22 76.34
48.53 70.95 88.45 61.72 26.85 75.21 77.72 11.74 86.97 15.18
52.15 56.3 56.95 9.28 23.36 57.63 69.01 91.22 45.92 16.68
96.41 82.83 16.55 74.03 19.54 15.72 62.65 63.31 18.95 14.21
94.34 50.13 8.47 66.69 16.03 56.65 10.64 98.01 76.2 13.39
95.64 20.87 0.6 44.92 16.17 83.23 44.56 98.83 33.76 96.02
3.44 88.83 2.81 24.21 38.48 18.63 89 14.88 79.98 74.27
39.47 96.12 71.51 62.44 59.74 12.41 36.87 8.27 97.99 55.44
13.52 93.58 79.12 81.68 11.22 68.96 7.85 26.71 84.21 37.47
54.06 79.96 24.67 11.14 90.24 44.91 61.53 81.15 83.71 84.24
16.79 87.41 94.72 90.15 91.02 33.03 80.36 6.91 53.45 18.74
81.29 18.3 97.6 31.91 52.83 50.17 69.85 14.43 55.89 77.56
38.39 77.94 9.33 58.96 71.44 80.02 23.74 59.39 24.17 62.02
56.69 57.32 37.49 46.82 72.78 86.31 26.38 23.24 51.19 27.87
59.31 51 70.53 89.38 8.18 49.57 52.06 85.45 91.76 72.76
57.19 60.97 58.07 38.56 43.51 0.13 24.31 24.98 24.35 69.5
30.49 3.21 25.47 91.15 52.87 74.33 17.73 17.32 89.04 80.69
89.93 31.84 5.07 28.83 42.45 41.9 18.33 20.08 76.58 14.81
10.96 23.87 19.98 44.88 59.81 6.94 48.03 66.45 20.98 8.66
13.75 9.07 22.48 26.74 44.38 66.3 47.82 97.23 46.62 30.94
45.31 60.66 78.73 98.92 4.73 26.06 91.36 8.72 11.31 3.2
90.61 27.46 7.84 42.41 80.82 29.19 15.04 95.31 23.44 27.42
7.1 99.14 41.95 37.72 41.67 40.84 15.24 14.53 81.3 48.22
32.47 62.28 27.12 4.65 91.91 5.01 74.06 5.02 22.94 37.77
25.29 11.02 78.25 53.05 92.25 74.53 76.9 28.87 60.81 29.83
45.52 3.77 68.53 42.27 14.93 91.67 78.21 50.71 4.39 74.16
3.3 76.2 32.01 6.15 21.27 78.84 23.62 32.6 2.9 5.78
43.51 36.64 8.66 41.85 60.36 0.17 92.74 88.79 73.76 73.91
89.03 33.62 26.82 84.38 99.11 27.72 39.35 77.57 21.79 30.83
14.94 23.98 20.95 52.45 2.61 72.4 24.79 35.62 4.84 15.37
27.48 1.54 87.7 55.67 30.79 18.65 33.04 83.93 56.6 14.55
20.59 54.01 29.55 99.09 16.7 92.37 49.8 39.89 5.51 61.74
27.69 52.65 52.88 4.73 4.72 9.03 74.57 13.57 28 79.72
14.04 82.83 30.44 70.94 73.86 4.84 5.19 33.66 73.8 32.24
32.87 58.94 67.23 29.23 22.44 87.91 12.04 46.69 62.59 51.67
32.07 97.86 61.42 1.53 50.31 52.95 82.22 83.48 17.27 14.22
48.44 57.45 11.14 71.08 68.52 53.43 93.24 9.21 21.71 20.73
79.99 90.31 72.34 17.55 64.17 91.66 18.03 58.73 1.88 45.2
81.24 41.37 10.61 10.01 71.06 59.77 69.86 1.05 16.72 74.12
73.02 73.97 41.52 12.09 58.94 12.02 44.81 21.56 93.13 81.16
14.34 66.02 96.51 88.46 89.18 91.43 0.91 20.74 4.56 11.78
12.06 9.24 95.92 20.43 44.11 98.9 14.95 34.35 55.61 15.67
56.31 57.01 12.45 7.44 45.27 28.52 29.37 44.14 36.54 70.3
76.81 48.14 38.05 14.23 21.99 18.93 26.98 31.68 56.9 38.63
69.78 88.9 60.58 83.7 43.19 78.06 36.16 91.02 16.98 46.14
99.16 31.61 40.11 69.05 89.9 16.64 63.27 60.91 86.49 74.08
94.97 38.43 75.88 52.62 58.04 34.74 85.63 69.79 75.75 5.61
5.98 54.85 50.1 11.93 12.97 20.02 61.36 19.6 91 17.18
0.62 12.99 1.23 17.9 53.63 52.55 60.32 18.61 54 32.69
14.23 15.04 62.42 14.86 94.91 41.42 94.38 21.54 98.07 80.34
71.88 30.55 11.92 66.27 9.11 33.6 43.85 93.15 7.48 72.84
96.54 23.19 37.93 94.33 65.42 11.75 11.84 27.6 6.99 90.07
86.19 19.62 5.63 31.41 10.66 21.56 77.48 87.08 77.39 27.19
89.79 41.04 98.18 12.36 49.82 29.46 48.34 14.3 47.71 1.59
12.66 26.31 69.04 25.32 72.83 18.88 76.77 29.24 20.73 2.75
41.51 22.78 94.16 28.35 56.62 55.76 57.85 13.67 12.49 38.81
3.01 84.26 83.44 93.58 39.21 34.63 23.14 99.07 79.54 72.99
83.52 22.68 26.75 1.71 53.05 88.76 42.53 67.68 40.16 37.65
88.07 19.68 59.16 95.85 67.1 45.51 44.54 82.58 40.86 51.74
72.48 43.89 22.01 39.22 66.12 30.84 98.24 14.08 63.62 6.35
69.36 53.28 2.38 29.63 56.71 26.15 21.45 32.14 94.47 8.02
52.63 55.46 12.65 14.79 55.86 3.46 32.14 99.34 94.29 46.8
26.02 57.13 58.35 81.6 23.14 35.52 17.12 69.21 80.31 72.88
3.68 80.69 77.72 23.4 47.59 29.88 0.53 59.88 47.77 78.43
58.64 4.13 3.39 24.67 78.08 23.69 28.17 54.79 98.95 87.37
39.85 17.65 98.36 28.96 71.6 18.57 5.34 58.18 80.2 3.99
81.52 93.97 14.74 55.76 19.41 82.47 82.25 99.02 74.93 96.24
16.87 65.63 47.61 17.21 90.74 66.15 3.63 76.69 56.33 18.73
15.14 76.39 62.76 60.16 61.65 27.16 97.45 91.85 77.81 89.23
46.65 53.96 27.36 10.42 30.5 35.63 47.15 64.98 50.94 63.87
53.76 6.37 14.28 46.78 39.53 22.39 15.9 96.63 10.35 64.92
48.9 51.51 10.86 2.48 36.69 62.88 76.76 61.73 21.73 70.49
4.64 79.92 44.53 89.13 89.78 99.08 6.71 11.75 96.24 36.28
1.09 85.45 1.9 22.19 98.48 34.59 22.81 19.42 89.17 39.39
21.04 12.6 42.77 24.43 81.88 98.69 99.79 48.62 40.26 58.81
86.28 10.87 70.87 23.14 66.42 3.02 31.71 31.57 89.05 35.24
39.85 41.73 61.58 37.61 58.3 81.05 67 84.52 13.04 49.66
13.05 13.55 77.21 49.44 75.44 23.79 23.48 39.65 27.04 8.34
33.51 22.34 5.9 67.47 33.37 36.42 52.38 23.39 0.94 67.96
34.56 72.26 33.77 12.93 36.49 56.11 36.01 53.43 90.3 39.35
46.79 79.12 82.16 44.78 66.79 10.53 95.81 23.28 51.89 69.28
68.59 11.88 28.9 33.99 62.11 43.75 69.99 6.56 51.63 18.47
80.89 73.78 0.92 4 71.66 33.81 39.01 72.55 94.46 15.25
94.88 1.57 15.5 60.03 83.32 26.94 51.77 19.49 98.02 83.94
65.92 0.78 11.4 52.6 45.24 91.61 26.35 68.89 41.12 6.58
33.2 63.07 84.44 19.98 1.81 99.03 2.08 74.52 29.88 42.04
67.18 3.24 80.16 88.7 65.48 96.95 67.8 88.09 68.24 77.66
87.61 54.17 19.24 99.68 79.23 2.73 3.08 43.11 53.74 76.43
62.05 89.54 13.65 55.52 70.89 66 79.23 85.6 66.88 57.55
6.62 26.27 6.41 31.87 84.64 33.29 64.01 8.37 6.72 24.48
