20.78 22.13 63.32 68.4 33.57 82.88 50.76 8.3 23.96 11.35
29.31 27.81 60.58 40.36 52.64 60.82 76.3 86.86 10.4 31.6
50.17 40.72 32.65 65.69 60.76 62.72 39.12 27.55 41.38 59.79
41.53 93.11 54.87 57.03 81.35 17.42 63.05 47.21 26.37 1.33
36.21 58.63 3.96 38.68 22.45 66.73 11.42 15.69 71.21 34.84
13.38 70.25 43.4 81.98 45.29 78.02 40.88 73.77 60.57 51.62
92.12 61.78 57.43 7.64 83.89 18.65 89.14 59.73 97.31 81.66
4.22 15.78 93.5 9.06 94.63 93.01 57.92 49.56 51.98 99.27
80.92 7.81 43.76 2.55 89.76 61.58 88.05 41.4 98.87 41.12
26.39 2.72 42.9 26.52 30.36 93.81 3.76 35.08 84.37 67.25
30.2 3.61 48.08 31.56 44.22 82.39 6.99 11.04 98.92 47.34
42.42 99.97 5.21 16.11 24.82 23.62 13.51 61.02 32.23 96.24
40.1 2.93 4.03 60.44 92.21 68.16 99.76 81.3 62.73 26.54
60.56 2.92 88.66 97.13 36.75 49.56 6.05 62.86 97.93 76.39
55.11 57.6 10.48 61.06 57.76 34.52 75.68 47.29 44.32 73.19
64.13 20.85 39.2 61.83 39.81 50.78 16.28 12.24 9.39 54.66
22.95 5.45 90.11 86.85 5.12 8.54 64.07 25.53 10.59 99.19
47.85 57.43 24.67 50.8 98.97 91.43 76.87 13.06 94.34 16.85
44.99 19.3 29.76 76.13 67.77 40.32 75.89 73.83 79.83 1.87
18.05 91.74 98.9 21 96.61 57.82 72.75 78.56 55.87 25.48
14.09 32.25 16.02 85.95 83.52 25.75 10.37 54.84 97.84 10.83
29.99 94.29 83.77 93.49 90.16 60.85 66.69 97.67 5.63 20.71
25.34 19.21 54.93 25.25 63.63 25.26 27.2 73.35 62.53 65.51
8.41 81.01 69.74 95.1 57.58 95.45 40.68 37.26 89.88 52.96
42.19 6.81 55.36 88.02 62.01 1.3 21.41 56.39 18.45 40.68
1.26 39.65 73.06 64.02 53.56 98.16 42.49 96.41 7.86 20.42
6.21 11.39 77.59 50.91 16.99 12.94 6.51 38.17 38.33 96.12
42.38 25.39 11.42 16.75 94.37 8.19 14.19 48.88 59.27 54.35
2.48 12.95 86.23 69.94 59.38 2.79 90.18 19.03 30.12 87.8
88.12 4.68 13.32 14.2 79.02 31.9 47.59 3.11 48.02 95.8
24.07 86.08 15.46 94.31 37.95 76.25 22.14 56.01 52.56 43.02
9.89 56.57 39.83 50.25 79.82 52.61 98.47 47.26 28.39 95.93
62.76 72.63 41.02 78.23 26.48 72.59 26.37 58.63 67.22 19.78
18.51 41.06 23.24 74.6 16.41 64.41 89.53 40.75 92.67 62.12
5.51 1.9 56.08 30.48 76.17 80.48 7.87 47.43 82.24 65.2
74.51 85.58 73.62 5.54 18.47 94.91 76.83 13.5 9.98 75.98
78.52 9.27 77.9 48.42 5.06 57.43 12.2 78.36 64.81 74.81
55.79 75.87 23.84 88.95 6.4 43.04 98.78 96.05 19.74 15.92
18.77 52.69 11.49 16.55 65.17 16.37 51.29 54.96 45.57 19.9
45.91 56.02 81.1 65.42 37.31 38.77 61.12 30.97 67.84 89.02
42.42 62.83 12.56 20.71 91.47 78.97 46.05 82.18 64.22 36.88
60.62 10.63 66.22 89.5 75.74 38.36 53.82 44.08 66.1 5.01
19.32 30.76 26.9 19.48 88.47 18.88 59.05 79.38 16.15 75.3
52.72 31.83 87.24 9.05 70.56 21.83 8.49 47.4 85.99 90.7
98.34 24.34 9.97 41.24 15.88 0.65 80.3 55.4 35.96 2.83
40.75 10.42 73.22 30.3 88.37 31.24 38.79 92.43 84.33 11.62
27.98 98.82 6.59 35.52 61.11 26.83 5.56 40.12 69.69 98
13.81 93.95 96.25 82.65 43.05 8.49 19.82 94.88 53.25 54.64
94.23 88.22 4.28 21.36 87.83 69.5 8.49 32.48 11.83 45.69
50.19 23.25 87.57 82.89 1.2 0.65 50.52 77.06 72.19 21.25
58.36 62.85 87.52 55.22 50.03 17.51 14.03 87.15 80.2 64.57
93.07 16.31 8.23 71.06 36.92 95.99 93.77 89.22 69.73 63.95
11.98 41.12 72.55 76.1 19 92.55 23.36 76.41 55.86 85.08
3.99 29.63 18.57 57.71 52.48 3.38 21.05 54.42 72.9 98.45
87.67 19.74 30.24 47.86 26.85 31.25 97.81 77.26 65.54 97.08
52.67 76.59 2.2 94.98 18.53 6.09 24.12 48.84 74.91 39.21
74.49 40.74 30.3 76.05 16.8 71.3 13.73 66.84 84.58 38.76
48.56 65.33 10.61 37.1 82.59 22.33 95.92 96.25 41.89 71.5
72.34 45.95 69.85 14.65 25.46 98.7 23.4 67.87 93.24 73.44
72.73 75.68 45.38 81.41 87.05 45.4 35.69 48.34 91.35 94.95
68.22 80.36 21.07 1.79 5.93 10.97 10.69 95.31 2.88 57.96
3.01 86.78 27.19 44.71 48.88 21.88 66.31 52.83 12.06 17.84
39.08 16.36 65.69 10.39 4.44 25.87 50.64 41.28 7.97 89.56
20.45 36.6 41.18 25.85 21.72 78.96 52.88 74.7 34.78 4.96
4.46 45.12 10.85 32.95 65.55 58.23 4.72 63.01 50.91 33.15
49.85 3.43 90.53 11.26 73.09 50.45 84.55 68.14 87.07 96.72
27.15 23.98 51.21 33.95 14.24 41.73 77.63 31.31 19.24 79.27
17.82 55.06 26.65 33.95 29.32 83.2 83.65 79.73 39.69 2.27
30.07 52.21 53.34 29.21 26.54 9.44 46.19 68.59 32.52 39
2.82 35.81 19.87 81.3 65.77 11.71 95.19 14.31 50.16 22.78
5.88 14.67 27.08 31.9 47.77 92.87 18.2 67.86 10.86 30.72
26.5 24.87 68.5 59.37 45.64 90.78 42.23 56.56 79 64.73
19.78 61.43 55.56 12.06 90.54 47.18 89.02 77.16 61.04 66.71
96.51 8.3 91.45 43.86 55.62 32.07 77.03 71.71 33.07 8.29
9.65 33.36 14.53 15.52 55.56 79.19 18.05 57.81 55.13 15.92
25.2 4.38 59.37 78.22 37.22 70.04 4.35 35.64 33.2 3.2
85.81 41.89 97.39 44.61 87.7 13.49 0.78 62.35 31.3 50.86
19.14 99.92 92.58 21.17 23.52 24.55 22.21 45.35 23.75 46.38
43.55 34.46 8.86 90.98 5.94 68.97 7.88 56.06 31.94 44.34
97.9 17.56 85.09 19.61 12.41 90.19 39.51 15.46 74.97 39.78
86.02 64.5 6.73 39.96 88.37 72.96 88.28 40.2 41.02 11.37
1.07 74.34 46.61 87.48 30.72 27.51 94.11 33.12 51.14 62.85
49.4 16.26 97.78 13.63 16.09 71.79 52.37 39.2 24.88 8.42
5.63 63.97 96.63 21.98 60.4 16.64 75.83 51.19 3.29 5.58
36.86 22.93 5.61 78.25 25.84 50.89 89.56 10.18 17.11 6.91
12.52 57.21 21.28 5.71 34.82 11.95 15.99 17.88 79.27 98.27
99.58 68.61 7.56 0.12 77.14 69.46 95.91 19.97 94.55 2.03
78.06 1.74 48.53 17.88 5.77 68.74 86.59 84.28 43.87 73.18
65.07 46.42 50.33 24.65 34.54 67.65 98.39 26.36 52.89 14.1
50.95 9.72 7.84 83.64 82.91 95.98 21.54 45.26 52.53 14.02
89.57 89.25 81.81 19.95 11.8 43.16 76.51 30.54 84.3 47.91
67.17 77.85 52.81 27.57 84.83 24.78 92.3 85.36 92.89 25.59
2.55 81.18 59.49 17.64 43.98 86.37 21.21 81.87 10.08 79.86
20.75 81.6 11.38 87.95 26.44 34.06 76.34 48.62 43.98 67.08
79.86 58.01 92.65 23.47 9.04 7.72 4.4 18.95 20.09 98.12
10.07 16.28 71.6 59.69 37.44 67.87 63.13 48.73 54.7 26.05
19.95 95.9 42.25 79.59 26.61 1.58 83.56 55.82 71.84 37.87
85.55 55.89 94.93 59.14 68.57 47.25 87.13 47.11 48.65 14.93
87.26 45.85 29.07 15.3 74.36 82.33 51.61 24.96 81.2 15.61
2.98 6.97 80.67 80.51 9.91 11.26 68.94 61.91 67.49 7.24
