26.43 26 2.41 34.18 71.21 8.57 40.25 99.7 70.67 1.28
89.65 11.17 92.12 43.31 90.47 23.61 21.34 82.27 25.68 14.78
10.5 64.74 28.99 65.54 99.41 69.14 10.25 96.2 32.28 57.74
97.48 54.39 94.83 51.33 35.28 15.62 26.02 49.63 93.66 53.5
9.78 39.62 88.91 79.35 14.23 63.78 98 12.62 53.5 47.56
72.76 0.46 99.44 84.21 9.27 63.18 39.75 77.69 60.16 17.83
33.05 46.54 8.5 18.23 63.63 23.31 61.46 38.69 6.32 29.12
21.08 83.5 25.54 25.91 25.74 11.9 50.24 98.2 90.37 83.95
72.97 48.18 5.03 63.19 65.59 8.7 49.37 95.16 6.39 62.39
4.02 84.21 9.21 75.9 10.15 51.78 81.55 39.3 70.8 5.08
