56.5 47.66 90.55 79.67 22.14 60.88 6.05 87.66 42.56 55.48
0.38 52.3 53.8 66.8 48.08 71.85 48.4 42.21 82.61 85.02
41.82 15.34 29.64 63.26 47.03 29 25.66 95.49 67.71 41.82
54.36 82.02 51.03 59.27 17.52 60.56 12.38 68.97 2.41 87.33
88.19 54.73 82.18 17.63 24.61 1.46 12.85 25.81 62.84 27.03
1.8 98.37 41.23 59.23 11.52 23 24.15 98.75 62.7 73.53
26.79 81.59 26.23 47.49 26.29 69.32 93.34 7.02 75.64 76.37
34.87 22.83 50.97 34.84 75.35 27.27 27.27 44.43 90.31 28.9
4.94 46.64 74.04 80.21 18.2 38.33 1.24 91.24 69.02 30.03
65.37 20.88 45.28 74.98 15.78 13.5 32.92 52.44 76.03 37.7
37.92 42.38 28.97 20.96 43.15 13.32 19.95 98.28 43.45 11.14
26.78 91.92 2.77 15.69 20.39 10.94 85.74 23.11 69.26 10.79
35.17 88.85 0.65 7.88 21.82 12.47 16.54 98.35 31.81 52.55
32.7 22.44 43.95 76.35 55.5 12.83 42.57 76.97 92.88 54.25
95 11.76 62.98 96.07 50.02 7.36 9.4 77.54 3.32 89.49
69.75 84.13 41.72 55.12 55.33 83.71 35.36 89.99 78.04 18.45
21.76 10.54 77.99 54.59 67.89 93.09 41.26 99.98 81.94 26.51
35.49 97.65 11.76 72.6 84.91 9.9 22.92 2.56 74.11 7.44
4.44 46.52 29.84 84.14 18.02 5.72 8.37 21.11 77.35 53.53
50.42 22.19 56.44 64.23 91.02 6.41 2.61 23.55 69.05 15.91
4.23 59.63 64.33 71.45 8.36 97.74 6.89 17.02 63.32 40.7
12.04 34.63 69.02 8.67 60.32 88.02 20.64 59.14 3.2 43.98
74.91 37.57 39.86 45.35 10.5 10.05 15.39 73.64 15.08 93.41
50 92.23 18 98.65 77.42 80.53 35.13 96.7 26.92 33.03
40.26 13.56 40.55 72 23.39 51.22 17.26 43.36 71.73 30.81
75.44 55.12 12.27 37.39 80.83 66.39 2.73 79.73 59.18 30.93
90.97 44.51 95.85 64.86 31.32 52.11 20.27 97.93 27.18 39.81
43.64 16.25 60.69 54.49 41.49 28.27 95.63 54.89 23.48 57.45
59.06 60.81 25.16 53.19 92.39 70.68 91.49 23.49 28.26 8.25
5.67 48.76 73.09 24.14 2.05 84.76 73.23 53.23 75.2 75.56
55.32 30.5 11.69 40.04 69.5 38.45 61.16 63.36 4.85 5.85
19.37 24.93 69.9 47.78 72.28 15.7 64.64 15.92 7.59 69.83
9.41 38.24 47.27 4.16 39.92 85.01 37 45.6 27.66 4.48
44.37 16.56 75.14 49.98 58.68 37.43 94.12 65.05 65.73 16.06
99.62 95.7 56.69 55.48 57.14 42.69 1.2 71.36 52.46 40.05
59.31 73.65 23.37 26.26 40.84 42.35 27.05 12.96 80.47 73.07
88.77 77.62 22.1 47.55 77.93 12.55 51.23 56.51 72.24 47.8
13.53 21.03 47.21 4.5 87.84 1.5 11.57 38.09 60.8 72.42
25.68 32.45 39.04 35.21 68.3 70.48 18.47 42.75 88.8 71.6
85.16 7.89 60.95 13.7 67.19 74.06 12.08 37.99 28.96 32.72
51.77 24.86 99.66 47.13 88.99 62.43 93.54 92.03 51.2 23.51
19.81 22.32 28.23 70.95 33.58 25.14 97.25 93.69 21.37 80.65
25.91 13 59.81 61.18 14.21 67.67 2.93 25.13 17.05 62.22
32.09 16.54 18.56 3.68 11.41 3.73 40.4 60.44 82.83 81.86
87.31 30.05 11.41 3.38 78.1 11.16 19.65 46.07 73.5 87.97
82.88 82.53 40.83 67 69.12 20.7 18.07 2.18 0.1 53.31
61.69 15.86 12.24 18.13 13.33 33.29 83.59 6.75 7.91 22.62
48.43 57.8 13.73 13.49 88.65 21.43 12.02 41.78 40.7 71.05
70.56 59.33 56.22 26.07 27.11 96.57 50.79 72.29 62.99 10.73
38.63 45.42 5.94 18.05 93.95 90.36 42.39 32.01 60.11 95.63
82.8 50.79 56.02 94.01 6.87 88.15 13.7 5.84 68.47 12.35
85.43 5.12 44.52 93.76 31.38 67.83 35.36 25.46 26.17 33.78
94.36 11.51 45.97 28.72 11.48 93.34 57.8 73.48 94.62 15.13
4.72 16.36 64.36 7.61 54.96 7.37 53.36 76.02 23.9 64.86
4.64 50.15 70.89 96.03 44.74 8.14 45.87 32.52 79.61 27.51
72.62 65.74 12.4 74.97 86.34 64.74 86.38 27.1 40.34 39.74
41.47 67.2 73.36 83.11 36.67 61.16 95.26 46.75 5.45 13.02
38.07 57.91 79.49 43.25 25.48 51.24 47.77 27.04 46.35 51.43
3.28 37.37 12.78 88.41 66 2.49 16.16 83.16 85.13 54.76
6.45 87.12 19.98 14.38 86.42 88.92 74.84 12.62 82.9 31.45
70.25 48.99 77.87 40.27 70.71 29.81 78.25 93.21 40.41 33.57
26.97 34.72 40.85 22.78 36 9.39 75.87 47.73 39.33 20.22
36.29 0.24 93.97 62.58 22.07 7.48 28.78 78.03 28.08 68.65
52.22 40.41 65.13 13.77 46.44 1.48 30.06 64.15 31.18 31.79
2.75 90.85 46.37 33.03 83.93 56.97 21.58 6.67 56.02 33.68
41.23 63.35 42.49 65.23 24.42 11.18 5.24 38.89 32.84 18.2
19.66 69.01 65.84 39.96 45.37 23.45 94.4 99.2 11.05 23
97.65 91.86 14.39 20.56 27.67 58.91 59.8 18.55 87.83 62.59
3 24.87 54.73 68.16 25.09 84.51 3 65.3 81.92 42.61
67.8 11.42 19.27 58.88 14.74 83.78 76.48 18.75 9.21 70.01
30.57 26.91 91.64 85.66 48.2 24.39 86.15 20.78 52.85 74.66
53.72 29.85 23.62 10.52 4.87 24.5 7.22 53.7 80.19 17.03
2.41 77.28 95.02 44.83 42.99 16.6 18.18 95.94 6.54 81.97
25.82 1.65 90.3 91.16 83.17 12.79 31.95 90.25 29.25 22.86
93.89 14.81 66.51 20.86 7.23 21.42 53.48 45.71 30.72 18.48
90.15 73.49 27.27 70.83 68.02 22.81 8.65 81.29 79.14 77.18
21.57 92.41 15.99 5.4 27.59 19.52 70.55 87.88 58.99 30.71
84.25 3.64 4.76 17 1.81 63.06 8.8 2.3 9.94 40.99
39.18 13 95.36 29.16 27.32 65.09 4.8 90.25 80.5 14.45
1.21 53.96 62.42 70.94 15.96 99.12 9.24 76.53 25.05 12.94
77.57 99.91 87.55 97.44 64.4 64.68 63.54 43.56 65.85 5.55
20.4 53.8 22.61 76.86 58.95 93.56 83.57 26.55 43.2 70.91
13.81 21.46 88.62 57.09 35.6 7.73 37.17 41.12 48.46 21.5
84.69 77.33 46.17 49 95.4 17.46 42.84 74.4 66.99 92.22
98.45 86.77 23.18 23.4 89.73 99.74 55.38 63.56 59.65 90.95
57.87 12.06 20.99 57.75 56.99 60.09 57.81 17.57 44.82 23.95
4.85 85.2 77.38 85.45 88.86 70.67 83.86 0.41 84.14 68.17
45.02 98.54 64.6 36.92 21.08 12.6 51 15.17 4.42 51.09
29.37 35.67 70.95 67.56 5.47 84.21 67.19 96.15 28.33 29.18
6.99 91.38 67.44 20.85 42.4 29.06 84.6 82.3 65.82 6.55
6.47 1.09 41.88 94.77 32.56 5.53 64.43 63.08 91.01 79.06
9.52 0.07 59.88 35.03 41.41 87.07 44.78 50.19 91.46 41.21
56.69 95.92 28.56 55.33 60.96 42.44 75.03 87.27 50.29 87.48
74.01 30.34 46.7 33.74 2.46 45.15 80.79 39.07 40.33 95.4
13.02 8.13 2.42 52.5 90.12 32.61 20.38 43.8 45.87 55.13
2.68 30.85 62.65 85.08 78.9 61.96 39.56 41.74 15.83 54.25
85.34 42.13 50.25 6.75 71.15 59.8 55.31 84.32 70.33 8.67
28.07 98.28 94.4 79.91 43.22 54.7 7.69 68.99 23.44 45.19
51.39 59.27 74.37 15.72 3.88 60.89 19.51 53.26 59.17 26.65
72.08 11.52 27.14 43.78 39.28 49.61 37.2 33.73 74.26 6.59
