12.08 81.6 67.63 67.08 12.93 90.13 91.4 32.24 56.41 67.5
97.63 64.1 55.26 75.33 14.94 29.76 4.18 11.58 67.05 1.26
15.1 75.71 96.84 39.12 13.63 0.91 61.55 34.63 13.1 75.4
29.48 78.22 52.14 63.74 26.62 98.53 33.63 3.86 67.84 22.61
63.61 90.59 25.76 25.09 72.46 40.2 12.05 38.12 25.92 4.82
62.63 6.96 99.46 94.6 46.13 18.3 72.49 48.72 59.51 47.87
32.9 22.23 96.22 37.39 3.98 59.16 50.72 68.89 22.4 97.37
2.09 31.26 91.82 1.71 4.54 40.84 11.43 15.42 84.99 76.93
61.09 83.56 47.68 72.56 85.22 87.38 56.47 93.89 41.99 48.12
58.41 97.52 25.87 68.42 51.14 50.11 79.37 63.62 34.58 82.39
76.13 78.89 95.97 17.63 27.68 16.6 34.69 46.49 76.42 97.88
8.07 77.48 8.48 54.73 0.2 90.63 65.9 10.78 11.92 23.22
4.3 89.89 95.44 26.22 73.7 12.44 86.95 9.4 98.06 22.97
11.86 75.28 29.62 25.94 15.82 64.68 21.18 45.76 45.26 64.5
81.9 98.37 3.13 22.25 74.89 58.43 54.18 96.45 89.89 46.15
33.38 14.88 87.97 70.3 63.8 8.61 68.3 32.78 71.59 59.51
36.94 71.52 16.9 54.21 0.21 68.37 64.74 6.56 51.77 71.19
65.91 4.72 52.61 24.65 1.12 17.24 24.25 23.21 16.6 40.33
43.52 61.09 61.56 0.94 40.29 18.68 12.69 17.41 67.2 66.47
54.41 68.19 46.96 49.03 84.64 13.16 43.21 22.25 21.07 28.65
45.28 69.59 82.34 92.03 51.16 81.44 97.5 19.65 11.52 0.04
5.77 32.29 51.02 75.52 29.33 75.39 37.98 97.53 64.27 29.65
10.47 2.87 32.29 82.1 42.45 0.71 61.42 5.81 96.44 28.3
99.92 95.17 46.28 33.86 36.21 38.67 67.41 87.39 62.9 10.19
48.77 28.35 40.66 97.35 19.2 23.29 34.07 17.36 4.15 19.4
96.7 65.1 20.76 0.62 66.59 71.38 94.85 32.55 38.82 0.9
35.67 68.84 53.21 66.21 28.76 6.96 69.86 44.24 84.48 85.77
4.77 3.84 11.45 25.34 40.85 47.92 9.73 35.2 92.97 67.89
52.97 85.34 71.82 30.88 58.63 4.61 10.83 85.08 66.63 28.31
92.14 9.85 19.21 95.48 8.05 53.05 30.09 64.95 53.92 23.37
40.37 33.79 95.01 28.34 4.43 96.69 37.31 39.12 32.94 11.31
32.35 63.86 55.71 1.81 24.43 21.47 94.87 67.39 10.7 95.76
49.71 32.56 52.65 20.76 43.31 29.09 0.7 73.53 72.43 72.41
70.38 50.39 38.67 68.64 97.71 1.05 95.96 98.17 6.28 30.38
43.31 21 53.73 93.34 74.7 8.43 45.34 46.39 10.53 0.09
48.66 99.5 99.39 39.93 24.59 47.45 59.08 42.88 14.91 85.96
13.61 43.97 18.86 70.02 37.86 58.4 96.79 79.83 11.4 46.33
7.69 79.24 43.95 30.58 95.43 23.31 18.65 50.24 53.65 2.51
69.2 66.13 82.4 98.94 28.04 88.9 23.55 63.45 10.93 40.92
71.24 10.59 13.24 55.08 10.31 31.3 6.67 51.15 12.98 29.07
22.5 63.17 85.12 47.52 65.19 20.3 60.25 44.23 53.41 77.7
24.49 74.08 0.09 15.21 23.36 64.87 39.13 12.68 10.43 74.27
98.13 34.97 54.74 35.82 60.35 58.93 84.01 53.67 79.42 8.9
14.5 9 92.06 3.82 99.78 67.47 47.58 22.7 70.83 97.79
8.18 29.79 61.31 60.38 59.59 21.65 13.55 2.34 37.84 32.93
29.78 55.85 2.53 23.03 25.63 56.61 7.35 97.2 7.56 43.92
45.3 18.28 78.72 58.75 12.34 28.83 24.24 58.69 97.29 28.92
41.97 49.19 86.23 67.87 68.18 48.05 97.39 29.04 76.39 12.23
75.77 4.48 9.84 71.45 71.57 0.07 53.28 36.08 36.07 61.65
49.2 40.86 3.76 79.85 30.53 96.32 94.27 59.56 59.37 72.78
75.35 37.76 25.28 14.82 64.92 69.44 5.17 11.09 18.04 77.93
55.18 46.62 23.25 59.86 96.46 71.72 62.92 2.64 99.21 43.91
19.4 4.85 60.85 53.69 19.83 91.14 3.92 7.87 50.6 67.46
34.36 31.73 80.73 34.25 19.86 17.66 23.39 89.8 16.06 66.21
64.04 22.83 57.67 8.79 7.72 92.45 46.82 66.98 89.15 47.3
17.11 0.97 4.29 40.15 95.08 78.97 85.76 18.94 35.76 13.79
12.74 40.12 6.75 17.24 22.63 72.71 61.64 76.49 31.77 89.67
62.2 34.47 32.72 42.83 11.45 53.21 92.29 73.36 74.13 10.27
28.41 81.5 52.8 23.99 94.83 3.32 60.43 72.94 87.06 27.01
16.71 74.98 58.56 15.22 90.05 53.69 65.12 32.1 51.03 33.64
62.01 90.55 71.66 62.65 42.42 30.99 8.62 57.89 69.53 62.19
36.87 41.98 41.43 4.99 71.98 63.93 3.1 18.58 93.79 6.87
36.46 93.04 12.6 14.22 23 63.57 70.74 69.81 93.24 5.31
63.61 37.99 4.73 91.74 17.82 46.52 83.3 32.67 33.41 79.72
33.75 96.31 32.57 17.57 71.48 59.13 21.75 12.23 25.97 70.99
60.37 39.42 39.96 47.01 26.06 50.16 49.02 16.75 46.65 92.4
91.56 82.17 56.44 34.26 52.33 53.31 57.71 7.59 66.47 79.45
6.86 99.07 42.64 18.51 31.69 24.46 55.13 9.93 52.13 66.88
51.37 40.31 53.67 71.93 30.75 5.19 51.91 24.96 64.39 56.47
16.28 52.57 10.24 21.8 61.75 46.04 43.62 68.47 21.33 27.08
57.94 27.59 25.21 75.25 55.63 4.71 33.05 20.5 28.46 9.62
94.55 77.1 41.29 77.8 23.23 37.77 35.31 8.43 4.78 31.97
15.59 80.54 6.42 79.54 81.99 80.28 93.21 20.46 63.8 8.17
50.04 90.49 61.63 74.92 21.5 63.37 33.93 19.32 91.43 23.21
20.82 62.76 55.64 15.59 31.82 29.48 19.19 40.7 7.34 66.91
63.79 71.13 95.49 9.22 72.2 34.49 5.14 55.3 67.4 83.53
99.82 48.81 85.84 36.79 36.33 43.93 37.89 25.1 29.77 21.45
17.65 37.46 71.82 87.84 51.18 6.28 5.43 57.51 75.41 88.79
38.41 60.06 44.86 38.18 43.38 78.9 24.72 65.99 77.53 41.5
82.31 84.74 2 82.95 43.69 81.58 6.44 71 47.1 17.97
97.17 14.06 67.77 10.87 48.25 0.29 44.44 79.65 63.33 1.79
26.35 60.54 85.75 8.93 11.44 52.41 27.98 76.06 3.43 37.64
45.63 47.42 55.78 24.84 5.48 53.24 5.28 83.18 78.93 89.51
3.29 78.38 8.82 77.88 64.61 50.7 10.2 12.51 35.5 78.98
63.84 7.7 7.15 21.77 6.06 59.18 19.11 39.66 81.35 47.99
76.09 28.07 27.76 33.96 53.17 55.74 8.71 7.75 69.87 87.27
98.68 2.1 8.14 66.25 66.9 43.7 48.56 79.28 72.62 78.5
16.6 37.14 56.31 81.39 91.96 70.33 4.7 70.43 32.6 49.28
65.04 19.72 38.79 3.3 90.89 75.91 21.28 52.87 11.96 55.36
20.43 54.56 93.12 80.68 44.78 92.69 64.61 13.84 71.38 50.93
16.08 93.87 72.14 55.18 36.51 6.79 72.54 2.14 58.88 99.24
64.15 54.17 86.95 32.46 71.27 16.67 73.82 17.36 26.75 70.56
61.85 38.08 40.57 33.14 99.94 66.45 99.19 47.72 96.9 57.66
85.47 45.73 76.01 6.53 6.36 85.34 29.63 56.29 24.33 72.79
39.08 26.79 90.49 6.07 73.73 22.11 98.58 36.59 8.62 54.69
83.74 86.65 79.1 3.34 25.23 30.77 39.38 97.57 94.18 44.84
77.46 60.69 71.55 20.39 25.78 22.97 32.62 31.06 24.24 52.37
6.45 69.9 98.33 92.86 52.8 80.27 81.45 40.77 29.45 63.46
9.94 42.88 87.86 57.86 30.84 76.34 42.35 25.61 24.95 53.81
17.04 21.1 21.73 13.88 38.66 74.37 48.99 57.33 11.81 74.66
