12.08 81.6 67.63 67.08 12.93 90.13 91.4 32.24 56.41 67.5
97.63 64.1 55.26 75.33 14.94 29.76 4.18 11.58 67.05 1.26
15.1 75.71 96.84 39.12 13.63 0.91 61.55 34.63 13.1 75.4
29.48 78.22 52.14 63.74 26.62 98.53 33.63 3.86 67.84 22.61
63.61 90.59 25.76 25.09 72.46 40.2 12.05 38.12 25.92 4.82
62.63 6.96 99.46 94.6 46.13 18.3 72.49 48.72 59.51 47.87
32.9 22.23 96.22 37.39 3.98 59.16 50.72 68.89 22.4 97.37
2.09 31.26 91.82 1.71 4.54 40.84 11.43 15.42 84.99 76.93
61.09 83.56 47.68 72.56 85.22 87.38 56.47 93.89 41.99 48.12
58.41 97.52 25.87 68.42 51.14 50.11 79.37 63.62 34.58 82.39
