20.75 14.64 12.35 27.77 30.42 43.61 19.64 37.58 86.52 72.83
30.79 27.37 66.87 2.58 58.39 87.44 35.8 2.61 92.09 24.03
36.02 85.91 82.5 23.22 14.73 52.14 53.72 90.48 41.45 83.62
11.52 9.42 43.24 27.52 4.05 30.67 42.49 10.39 80.58 38.74
44.5 89.31 72.96 14.21 61.69 25.93 82.12 22.01 92.14 36.82
34.2 87.85 67.24 17.15 88.8 65.92 76.93 48.11 36.27 8.81
90.11 45.11 4.81 0.25 69.85 1.63 42.11 48.87 88.33 2.9
70.73 9.86 81.43 8.8 3.52 98.93 35.33 12.3 96.76 43.83
51.36 13.1 21.11 38.06 32.28 85.03 66.43 29.32 89.8 9.07
62.28 19.94 56.84 1.35 34.82 18.05 76.5 84.91 30.78 30.14
23.54 42.5 86.5 71.34 73.37 12.68 94.22 3.53 31.41 51.22
60.32 33.14 71.63 49.62 63.31 25.12 6.24 1.49 44.6 18.48
75.48 5.8 62.89 29.39 13.24 13.22 28.5 19.22 20.55 10.38
3.73 55.34 87.4 76.31 34.53 12.85 33.22 71.89 63.22 55.46
38.79 74.94 41.03 22.51 47.89 88.06 90 88.01 20.26 38.11
7.38 24.68 92.94 43.36 43.28 14.21 76.19 1.27 95.39 1.76
62.24 0.69 96.41 66.18 47.51 83.44 4.01 65.67 93.68 70.2
47.42 70.63 30.05 75.35 17.38 58.41 94.95 21.3 32.13 88.09
50.72 9.21 49.1 74.54 65.63 22.61 27.37 73.83 18.57 56.47
55.22 88.32 43.26 18.95 35.29 54.39 99.79 30.39 94.39 85.72
24.28 97.93 85.43 15.04 78.37 31.76 50.4 84.29 64.41 38.06
94.74 75.18 85.4 16.49 29.68 25.6 92.18 23.31 40.85 68.5
41.58 1.79 65.69 15.45 80.47 62.54 20.94 72.55 68.48 26.34
70.7 70.53 14.39 96.6 62.32 15.5 12.97 66.16 39.06 57.49
27.72 33.61 1.61 32.26 12.68 65.94 63.91 87.7 52.66 93.4
28.12 91.57 2.42 47.52 67.04 16.67 99.88 24.64 0.31 6.33
33.82 12.5 52.87 59.2 17.84 31.25 37.18 76.56 19.04 32.54
92.56 87.71 76.14 82.12 22.87 20.04 4.66 16.99 76.83 12.26
74.69 15.02 7.65 41.84 86.62 2.09 9.74 50.15 47.34 21.98
49.81 46.85 4.37 0.46 98.73 15.52 35.98 45.79 15.56 18.94
82.41 55.31 30.33 26.23 82.41 98.23 58.15 32.37 78.69 5.73
3.73 92.34 50.34 66.19 27.37 23.55 80.32 50.53 26.84 60.28
60.83 77.84 36.88 90.68 89.34 89.2 21.01 17.14 51.63 79.99
49.36 85.76 17.26 18.55 26.69 93.59 94.43 3.14 25.75 23.88
63.49 83.28 73.17 73.29 36.16 3.77 43.19 74.07 53.37 48.27
44.65 16.1 42.85 39.02 3.03 67.49 53.91 81.98 25.71 21.76
95.1 80.17 64.58 80.95 21.42 66.02 76.93 51.97 24.62 96.93
35.03 26.97 60.74 71.16 85.55 14.4 8.57 35.85 23.52 63.87
3.94 10.44 16.7 28.26 88.02 75.84 36.19 67.77 19.3 80.17
73.7 17.93 88.87 88.49 33.64 13.86 38.01 11.87 48.17 88.17
49.84 75.51 7.84 7.17 83.48 95.2 34.53 44.22 36.12 94.02
0.11 96.55 3.13 94.88 6.75 4.35 83.16 37.49 26.03 32.06
7.33 72.49 36.1 74.22 92.22 25.98 30.67 82.34 49.19 29.96
28.49 2.89 39.15 13.7 74.02 63.1 17.71 51.65 24.06 15.95
24.17 33.42 6.49 53.48 5.76 19.11 99.51 21.25 79.54 24.38
8.64 89.42 95.86 79.66 21.97 73.1 11.95 37.22 20.89 34.3
10.08 81.47 60.83 76.87 53.74 82.12 20.52 98.87 5.43 68.76
12.92 41.35 70.24 15.71 22.58 4.49 22.61 60.33 23.87 25.13
48.28 32.75 38.81 74.32 91.03 65.12 22.88 94.01 63.98 45.63
98.94 23.1 4.12 42.65 26.1 21.7 19.29 85.66 80.7 51.65
16.96 17.47 53.19 67.55 19.37 98.42 74.69 69.5 92.82 93.81
29.66 31.41 97.3 37.72 0.79 99.01 27.34 7.34 40.7 85.67
11.75 98.18 78.18 18.26 98.44 4.78 87.72 1.31 9 69.68
78.98 64.1 23.26 28.42 24.17 44.86 25.73 17.95 90.9 1.56
0.78 99.16 49.29 24.84 54.36 20.97 42.18 36.52 95.26 44.49
87.49 38.41 10.86 93.03 18.36 11.71 33.1 63.46 19.37 21.21
49.83 13.77 69.17 39.65 34.34 2.67 98.39 31.29 35.62 34.22
18.02 69.85 97.61 98.7 25.39 31.71 39.38 76.97 40.01 93.01
85.91 2.09 13.25 67.18 26.04 51.86 53.32 11.52 31.87 40.04
32.66 39.24 26.98 21.06 23.86 59.5 77.78 17.88 47.96 98.74
42.89 86.03 76.93 10.64 79.7 2.11 10.85 3 9.08 62.14
45.41 52.41 46.4 76.06 78.23 28.55 69.51 2.9 18.67 20.49
46.84 87.89 21.75 44.12 24.05 18.2 45.03 37.98 92.55 5.19
38.21 60.75 78.18 8.01 34.91 3.98 99.47 6.43 41.1 58.94
12.34 56.38 28.21 87.11 52.19 94.32 69.87 76.02 18 70.24
41.05 12.95 3.03 20.05 18.71 32.26 82.88 83.01 98.04 50.2
90.58 16.98 44.77 55.48 36.62 69.05 33.3 35.41 37.63 23.74
17.19 61.38 73.24 35.46 4.66 19.59 34.71 44.46 96.56 49.37
12.72 29.17 48.85 57.93 64.54 47.64 10.51 86.29 26.75 44.53
77.7 21.36 95.13 59.1 98.1 62.68 33.15 50.83 87.57 40.52
58.58 53.47 67.36 41.42 69.62 9.37 20.43 5.45 26.05 39.85
93.91 96.04 42.37 6.15 44.56 12.95 13.03 58.42 22.03 85.82
71.1 38.38 97.53 92.83 74.78 14.02 94.28 59.06 74.91 24.63
31.86 43.4 72.01 10.11 13.12 27.16 54.53 0.93 84.57 16.46
86.59 42.81 35.43 22.01 4.81 34.22 21.69 68.66 96.92 38.23
43.73 79.71 23.54 40.63 45.12 0.68 81.76 62.32 84.28 90.65
5.81 2.21 2.09 73.55 26.62 40.14 58.56 15.96 45.47 50.2
35.55 19.09 60.42 41.42 32.57 57.94 45.39 86.92 3.21 93.45
82.2 4.9 21 13.82 11.49 33.91 82.16 24.83 24.3 88.86
84.66 17.34 17.28 29.56 52.92 65.95 16.42 88.12 90.31 46.76
96.77 10.07 58.26 40.62 92.26 28.08 79.32 76.06 46.26 44.31
3.11 88.84 18.54 19 54.06 75.59 26.89 52.07 16.72 22.97
11.3 48.93 94.53 51.39 37.58 93.18 40.72 16.36 91.41 2.92
5.26 55.5 10.28 12.3 83.98 96.82 55.15 37.9 52.25 73.26
9.44 37.68 20.2 17.16 83.96 73.09 64.12 21.72 98.44 80.15
75.61 58.2 7.63 29.81 95.58 18.96 14.78 41.45 40.64 98.29
85.28 76.16 38.2 75.06 24.63 95.21 18.06 25.84 78.14 93.38
65.84 88.01 73.72 21.83 33.6 90.8 84.77 57.81 27.25 5.91
2.4 99.02 42.75 99.11 51.13 16.86 35.08 70.83 6.08 63.25
1.85 18.38 4.65 86.78 61.86 79.9 25.97 65.28 84.59 54.33
18.57 4.34 72.48 72.71 25.42 30.44 34.9 10.64 10.97 68.11
2.1 51.12 51.79 96.14 65.41 2.71 18.68 44.39 15.2 71.74
43.88 9.4 75.34 44.07 12.18 28.79 48.48 86.12 9.6 35.54
37.08 14.35 34.46 95.67 7.14 59.77 59.98 20.71 6.74 83
97.84 41.69 85.22 21.89 7.19 82.45 20.31 3.82 4.76 72.5
3.69 11.04 25.06 43.49 3.09 20.57 26.49 55.87 18.93 6.75
18.31 14.88 20.1 71.12 67.47 51.93 59.65 95.49 48.04 73.35
78.18 19.65 92.02 75.89 11.1 52.08 65.95 92.44 75.22 42.67
70.57 20.93 23.2 19.7 55.62 91.03 1.18 26.19 66.88 64.41
93.62 7.16 4.01 63.38 7.64 67.6 87.62 0.39 13.14 67.82
