20.75 14.64 12.35 27.77 30.42 43.61 19.64 37.58 86.52 72.83
30.79 27.37 66.87 2.58 58.39 87.44 35.8 2.61 92.09 24.03
36.02 85.91 82.5 23.22 14.73 52.14 53.72 90.48 41.45 83.62
11.52 9.42 43.24 27.52 4.05 30.67 42.49 10.39 80.58 38.74
44.5 89.31 72.96 14.21 61.69 25.93 82.12 22.01 92.14 36.82
34.2 87.85 67.24 17.15 88.8 65.92 76.93 48.11 36.27 8.81
90.11 45.11 4.81 0.25 69.85 1.63 42.11 48.87 88.33 2.9
70.73 9.86 81.43 8.8 3.52 98.93 35.33 12.3 96.76 43.83
51.36 13.1 21.11 38.06 32.28 85.03 66.43 29.32 89.8 9.07
62.28 19.94 56.84 1.35 34.82 18.05 76.5 84.91 30.78 30.14
