2.48 18.96 96.78 55.31 86.46 50.03 43.48 19.61 7.89 37.02
95.14 65.99 36.33 57.12 21.73 71.27 38.76 8.63 66.97 86.4
18.32 44.05 83.53 97.16 90.17 15.15 45.29 24.48 49.11 62.54
80.95 13.16 10.51 14.47 61.59 6.11 23.99 73.91 3.58 19.01
22.75 96.82 25.62 57.07 26.45 22.11 14.96 16.59 82.24 19.53
52.45 68.3 72.49 22.17 19.29 43.65 69.18 61.72 90.33 15.07
23.59 21.31 79.88 29.35 66.66 45.43 18.89 87.28 29.94 86.3
95.43 82.22 24.39 67.79 3.56 41.43 69.88 51 0.34 99.99
74.05 87.06 14.15 34.2 75.11 8.85 22.99 67.13 91.81 19.82
5.76 73.36 35.12 97.61 12.61 18.86 78.7 70.51 8.6 77.93
