21.18 1.52 24.05 20.69 32.75 38.16 1.54 66.32 45.11 62.58
20.36 14.35 17.46 83.3 56.13 70.74 20.51 75.35 73.44 96.14
54.3 16.56 36.78 34.96 75.75 14.09 20.83 27.84 0.78 9.12
54.32 72.24 97.16 20.13 86.65 80.1 31.08 73.93 20.42 11.05
40.85 0.3 98.94 76.07 17.51 30.39 66.17 79.62 40.93 6.89
13.91 55.08 10.02 12.19 12.27 22.84 30.86 34.98 49.08 98.31
5.79 69.2 80.29 51.71 95.23 11.98 44.92 46.61 32.13 29.59
89.42 69.93 28.39 49.18 35.21 8.1 25.66 83.63 4.97 22.19
51.16 57.95 24.47 47.25 75.69 72.38 61.75 2.65 13.01 21.48
23.37 23.45 68.36 81.06 11.39 12.91 35.32 99.21 8.05 85.26
94.99 9.69 66.05 24.63 44.61 18.92 92.75 73.89 12.04 3.73
44.63 74.84 3.92 35.31 32.74 54.79 25.14 95.93 98.43 99.78
72.67 48.72 61.87 47.67 37.22 8.14 11.54 84.39 2.94 90.25
94.35 67.64 69.85 7.27 63.82 71.88 81.26 33.12 71.98 98.8
48.6 39.9 30.18 29.02 62.18 59.71 58.47 55.72 95.58 87.08
8.45 54.62 70.57 16.45 2.56 94.25 7.49 30.05 89.95 92.81
10.82 18.11 14.32 5.84 63.97 93.13 69.23 23.44 68.02 12.32
20.8 48.67 53.64 91.41 90.34 35.85 43.78 21.14 58.21 6.9
81.32 38.56 6.3 94.92 5.34 66.03 75.62 82.31 93 48.78
84.12 96.79 37.28 29.77 53.63 73.86 3.35 43.52 80.11 95.39
89.46 46.38 96.27 51.26 91.88 90.66 99.11 89.17 59.84 51.21
8.38 61.06 40.05 65.48 45.51 91.17 58.19 35.79 75.67 82.17
9.36 99.46 15.27 42.34 43.19 24.5 79.4 86.18 32.73 95.47
94.94 29.56 23.42 22.1 30.61 74.8 2.13 3.18 97.21 42.49
48.66 61.51 22.17 5.15 58.88 71.44 97.18 18.17 20.56 5.64
61.85 70.7 18.56 5.67 60.58 18.18 27.35 15.51 50.91 91.51
26.24 19.15 12.84 72.13 30.3 40.18 92.88 21.79 69.59 55.27
15.28 36.7 41.87 22.2 60.3 94.31 43.66 93.17 16.13 21.12
66.44 7.82 13.11 20.63 84.37 41.11 14.87 72.71 71.14 12.95
2.64 6.75 4.46 62.47 44.29 11.96 25.36 26 16.59 35.17
81.21 23.36 78.36 83.09 98.25 28.08 20.29 34.84 1.99 17.46
85.46 32.58 35.44 5.46 72.89 55.88 33.9 12.57 67.32 41.69
93.81 68.58 50.51 83 78.99 34.15 72.73 25.3 89.51 18.83
82.78 19.83 14.99 72.3 73.73 97.24 14.52 70.92 19.5 67.31
60.18 91.91 16.63 72.46 22.03 41.66 49.11 51.57 51.4 15.34
97.07 31.27 69.55 31.12 30.28 39.55 18.55 20.67 37.61 20.39
13.85 37.96 53.93 76.49 50.71 44.75 83.07 37.47 53.02 28.71
12.1 72.76 18.63 24.93 4.75 20.37 86.3 28.85 24.89 34.02
39.83 94.77 94.59 51.94 65.78 46.26 97.55 2.24 55.21 97
6.67 31.23 44.38 61.22 95.4 1.7 42.18 16.46 77.99 77.16
3.24 31.78 99.75 38.79 24.15 2.66 90.22 26.31 43.2 93.32
9.43 80.74 20.86 1.66 51 84.58 49.46 73.59 44.73 65.07
78.17 88.17 76 96.13 20.39 91.09 53.99 53.95 89.67 68.63
96.79 21.65 92.65 52.03 20.94 76.52 25.3 44.41 24.79 99.96
45.62 86.05 70.17 92.79 45.62 2.98 68.77 42.07 8.52 69.68
56.36 83.95 40 52.34 97.69 68.46 8.36 99.33 51.7 59.89
84.44 70.95 23.08 46.72 86.58 30.68 78.63 48.26 61.68 2.55
33.2 10.68 84.35 99.59 55.99 50.07 11.62 88.08 68 80.01
85.76 88.03 36.85 55.29 50.38 36.16 24.44 88.94 40.36 99.31
19.65 69.66 2.57 15.49 68.79 15.47 32.98 78.21 50.99 67.54
2.31 79.58 23.84 98.23 77.4 95.79 80.25 83.71 7.43 34.8
80.12 41.35 34.21 23.78 27.41 82.06 82.34 64.02 92.67 41.01
58.72 29.02 8.8 39.98 83.51 82.81 84.86 95.35 89.99 2.05
25.28 99.08 34.98 21.81 33.43 34.36 8.37 5.75 31.51 92.98
6.4 26.42 37.22 84.1 89.48 41.33 89.06 90.72 10.69 38.08
39.4 40.11 32.96 40.39 62.27 78.79 40.78 86.6 12.19 79.55
26.01 78.91 53.28 58.8 21.51 25.65 27.02 33.56 98.77 12.93
7.46 39.1 89.9 51.67 55.04 98.26 80.44 2.02 19.66 58.95
11.98 48.99 30.01 44.4 81.22 37.64 15.35 89.84 89.65 18.29
58.37 93.29 19.69 99.46 61.94 86.14 97.82 65.24 42.59 69.99
25.01 31.65 25.6 51.41 24.08 4.7 22.31 16.55 35.5 36.51
92.24 15.65 53.82 65.14 85.85 99.39 93.53 83.59 12.42 28.08
91.81 74.76 48.59 49.11 59.91 6.63 59.65 71.73 90.89 58.6
84.87 60.53 73.72 83.89 67.94 38.16 66.15 68.15 83.75 14.41
4.01 17.03 88.95 40.88 77.88 43.41 28.91 10.29 25.47 21.04
73.1 55.04 99.97 69.06 47.11 74.62 45.78 57.32 30.03 85.11
57.09 46.13 76.18 81.73 69.47 50.23 36.33 31.11 75.07 74.75
12.4 43.91 34.86 12.79 56.45 38.25 27.61 63.09 92.57 80.38
98.25 6.69 53.77 28.08 23.98 36.61 91.12 84.78 14.35 5.37
93.47 19.3 99.25 1.34 94.85 25.21 47.05 91.23 41.72 13.22
0.83 45.69 92.67 10.59 97.89 34.58 16.57 17.92 92.85 19.61
27.78 89.58 60.26 66.56 30.69 55.75 92.4 1.36 73.82 9.59
29.85 46.2 62.53 90.86 38.86 86.23 2.86 42.23 23.83 25.99
97.94 74.01 78.24 52.26 98.86 41.23 62.45 17.84 72.59 30.53
54.47 30.81 24.54 88.2 97.83 23.61 16.88 97.83 80.18 37.28
89.05 66.4 77.49 27.59 14.25 95.25 54.59 85.2 90.55 26.8
82.77 25.97 72.61 43.47 50.09 26.52 44.35 16.08 91.19 67.3
2.99 60.96 22.79 58.37 18.13 86.26 7.51 70.06 45.24 65.26
8.68 34.55 86.65 87.63 41.98 83.53 17.83 79.1 60.74 98.82
93.5 87.96 6.34 31.88 8.52 13.53 16.31 33.69 70.8 47.38
29.3 73.9 23.05 45.28 82.23 14.06 10.55 8.78 96.11 39.77
13.12 47.89 28.71 5.72 0.14 37.66 1.33 44.99 89.99 12.56
1.07 77.72 86.37 39.06 25.67 98.37 85.26 88.91 23.21 72.09
20.55 7.04 4.55 8.63 12.53 15.42 8.2 87.39 66.04 95.85
80.66 91.21 10.04 3.72 82.11 7.2 8.32 51.3 16.1 39.87
28.89 44.68 65.75 33.34 16.75 63.88 43.71 32.39 2.29 63.93
35.84 90.1 91.91 9.72 10.29 28.66 98.71 54.5 77.93 84.05
15.57 19.55 88.45 24.47 45.36 97.31 57.11 62.41 1.36 23.03
29.4 10.03 80.21 20.34 19.02 82.56 15.91 61.2 84.38 27.14
23.52 73.39 21 24.62 83.84 57.4 94.77 15.85 17.99 52.2
15 87.46 90.72 50.03 57 53.54 9.88 44.42 99.08 38.65
42.36 62.36 22.28 77.31 81.79 90.98 71.51 3.07 15.79 61.83
26.5 28.15 5.03 58.64 19.56 90.28 51.29 39.45 16.46 21.31
81.98 66.36 44.77 86.52 96.06 89.47 6.38 0.1 24.96 84.32
16.73 8.64 78.13 38.51 86.01 94.42 35.96 76.19 80.27 22.62
76.62 39.29 86.77 94.84 95.06 84.58 35.77 90.21 32.92 87.95
27.13 37.76 83.7 61.37 83.65 3.23 75.2 99.69 22.28 16.71
65.72 79.82 92.87 95.16 56.12 91.06 94.44 94.08 9.5 57.51
76.41 57.46 14.64 26.77 36.79 55.96 78.65 67.27 86.34 5.28
12.64 66.97 50.38 82.57 91.4 25.17 22.12 20.37 17 12.94
