23.8 1.26 5.32 95.86 56.45 27.17 74.02 49.36 26.69 35.54
86.88 83.04 67.08 19.83 32.87 52.07 88.27 34.29 71.26 88.71
10.12 39.51 79.02 71.16 34.52 5.62 49.92 86.46 37.79 99.87
11.17 95.98 91.95 73.85 64.3 23.96 74.07 72.53 65.18 66.8
45.34 8 32.84 92.79 54.48 47.88 97.73 63.92 85.6 10.37
51.13 70.8 5.14 89.93 32.45 80.19 77.12 20.78 17.86 7.72
2.96 85.3 19.23 81.27 59.84 48.65 16.84 98.61 15.08 35.39
68.49 81.52 53.91 59.16 80.29 2.23 7.12 70.24 20.13 47.79
5.27 87.26 14.36 62.51 19.93 28.92 70.4 29.58 10.64 78.04
38.04 53.52 55.18 66.05 84.39 72.38 61.95 65.73 24.61 99.73
27.89 69.42 32.53 2.07 25.6 12.94 67.07 13.68 72.31 54.67
40.31 47.92 24.17 99.27 22.93 15.14 16.47 58.65 95.98 81.16
14.52 4.04 67.83 6 46.86 77.55 37.61 75.31 62.21 98.29
94.57 77.63 54.18 42.22 98.01 60.55 90.74 26.38 42.38 72.17
24.51 48.94 7.63 4.39 10.21 58.48 84.14 78.03 5.4 22.87
32.17 20.31 14.62 30.87 37.56 62.37 12.96 24.53 57.37 47.26
15.58 52.66 45.04 70.01 35.14 1.4 97.8 23.26 70.69 51.25
56.06 54.75 31.48 87.04 74.33 91.52 88.44 37.78 44.29 49.5
69.21 62.3 21.76 83.57 27.8 23.72 44.26 34.86 70.99 97.94
31.27 96.62 6.45 12.9 67.3 1.89 32.94 53.1 1.6 24.69
88.56 38.5 13.95 81.19 15.87 99.94 18.73 79.46 74.94 15.48
22.68 53.65 39.02 59.26 72.02 3.35 55.74 25.55 74.88 78.45
4.08 68.74 94.43 83 37.95 51.59 36.31 58 36.94 55.83
54.28 50.52 86.19 6.14 94.85 86.27 93.6 15.55 77.39 17.26
32.18 3.02 66.9 18.86 17.78 65.36 27.05 73.97 63.49 67.8
83.12 52.4 50.22 94.13 91.09 17.2 87.27 46.73 27.68 93.46
46.73 81.96 82.16 65.31 79.52 16 61.25 9.11 52.42 3.39
12.95 22.12 24.41 89.61 8.22 43.95 57.1 29.15 50.76 30.23
17.85 32 40.25 86.41 85.34 83.64 40.69 5.86 50.34 26.39
45.31 23.06 55.19 28.55 86.76 84.81 86.2 24.64 59.29 14.61
1.05 29.94 63.25 73.16 89.94 80.6 6.26 87.38 80.41 40.8
26.91 13.48 4.33 88.15 28.9 42.14 95.6 33.02 99.48 17.54
52.52 62.49 76.81 21.3 54.73 6.55 51.04 20.64 42.66 60.14
52.74 99.63 58.47 3.29 58.3 17.65 58.13 76.07 65.89 67.32
4.44 15.1 76.06 88.61 10.21 56.31 32.37 51.67 77.39 90.36
15.84 5.91 37.88 49.35 82.75 5.36 3.35 79.25 60.84 90.94
4 45.31 44.41 93.07 43.13 0.79 64.88 54.09 60.12 19.94
31.03 0 83.83 53.09 38.62 44.02 69.18 45.06 89.93 6.78
81.99 17.64 74.98 14.27 96.9 14.42 79.67 7.49 96.96 23.83
11.12 9.72 10.14 91.42 10.04 49.55 22.18 24.44 41.96 87.5
28.77 6.22 73.92 6 72.73 8.13 91.77 46.99 61.32 68.39
69.18 58.89 81.66 73.84 37.31 81.72 21.84 1.29 67.83 91.93
86.37 59.11 89 97.54 9.01 15.19 53.73 28.03 89.92 17.85
40.67 91.09 60.32 62.02 12.08 20.9 18.58 2.87 4.88 43.68
40.79 45.75 38.36 29.86 20.45 87.2 72.33 70.91 23.63 20.6
20.41 93.32 32.61 28.53 1.45 43.11 5.65 11.11 90.9 30.21
23.23 66.21 31.95 16.94 80.46 19.91 74.39 23.03 51.39 46.18
22.51 48.41 8.14 2 77.08 1.19 91.11 27.54 69.42 23.35
59.66 54.52 38.95 78.29 62.33 72.48 64.53 41.73 23.81 17.49
9.97 17.44 19.96 79.36 23.58 23.68 61.27 0.92 18.05 22.71
39.08 26.94 42.99 9.73 65.69 50.52 82.52 41.77 13.54 17.04
10.09 4.1 44.38 7.6 8.64 28.54 57.05 45.28 69.53 39.86
89.02 39.69 99.97 66.11 77.47 81.07 43.15 82.77 21.22 3.85
28.59 72.98 32.12 20.28 12.14 16.69 6.81 54.75 18.61 7.83
90.22 36.41 40.33 57.06 27.98 17.52 15.31 96.13 36.2 98.21
44.54 79.83 45.51 26.91 61.3 95.35 58.71 19.73 27.37 27.55
52.88 5.26 92.15 41.91 91.24 53.63 95.66 92.57 26.62 11.24
66.87 26.03 16.92 46.38 70.64 22 90.04 38.12 0.82 82.11
1.79 24.16 82.1 10.52 11.61 6.12 94.99 0.92 36.89 13.02
15.86 14.91 95.2 97.88 78.58 1.92 59.72 12.99 40.65 11.85
66.63 5.03 47.87 27.31 44.27 21.58 31.33 17.56 56.56 17.97
35.32 40.95 93.73 40.64 22.31 48.97 79.72 82.04 30.42 32.02
40.08 92.55 29.65 25.25 61.23 96.82 58.37 51.15 46.43 92.05
24.81 17.16 42.44 43.56 27.43 85.36 33.17 5.93 44.88 41.26
27.64 66.42 89.61 3.79 34.5 6.77 42.04 74.13 60.95 75.53
25.26 14.48 89.65 14.54 37.3 17.85 82.72 5.68 30.3 64.41
70.49 70.72 51.89 57.72 16.07 22.76 27.41 88.9 82.39 40.32
98.25 86.46 94.37 81.32 18.17 72.13 12.2 23.27 82.64 5.46
40.5 29.89 20.87 16.88 34.16 4.54 71.85 20.14 20.88 61.19
76.87 14.58 78.23 98.2 0.84 6.23 23.58 71.66 53.31 58.65
0.99 7.21 42.88 25.39 5.01 10.58 76.12 7.19 42.09 70.87
33.01 41.26 5.34 76.87 3.89 67.44 87.76 57.32 30.82 93.82
0.27 77.82 53.5 51.17 9.25 20.66 70.48 41.98 19.77 69.38
11.31 58.05 25.21 13.75 22.37 26.14 26.52 35.24 74.58 57.51
5.05 61.17 46.5 86.42 33.47 53.67 72.33 92.49 47.17 9.3
3.89 24.07 30.24 3.17 27.01 77.16 85.7 53.53 41.04 12.41
61.21 83.52 35.88 93.25 39.93 80.95 27.84 35.67 44.58 97.14
53 42.06 64.53 58.07 13.27 86.29 32.32 2.94 52.49 67.3
47.04 93.83 0.58 47.3 83.51 90.29 81.79 44.45 39.99 9.21
40.28 16.16 78.53 87.13 89.81 47.06 29.53 26.83 59.53 7.5
74.3 88.21 51.44 84.11 21.89 94.79 43.32 92.81 28.06 28.11
71.34 20.61 4.57 13.55 94.9 23.42 6.89 53 41.28 75.37
14.75 14.02 88.12 58.42 93.43 58.69 64.24 0.36 16.36 10.98
9.85 63.31 21.84 16.52 21.35 77.36 33.36 73.8 38.81 36.76
93.24 10.39 84.17 30.09 47.19 40.39 97.63 35.89 48.94 38.29
57.24 7.28 7.51 18.93 68.96 40.24 57 9.78 61.64 21.39
32.96 73 91.02 75.98 22.81 12.55 87.14 19.79 76.14 39.19
94.06 44.79 2.19 91.76 29.92 71.49 12.59 43.22 67.1 2.37
49.26 43.17 26.71 37.22 64.43 16.49 4 13.87 39.1 85.14
2.09 10.39 77.5 55.7 79.77 97.26 76.17 95.27 1.51 35.17
99.29 31.98 40.19 94.74 47.95 92 20.52 80.26 76.36 32.53
53.8 8.72 76.87 25.5 85.77 49.58 75.82 96.23 17.32 38.08
55.97 34.92 17.03 37.99 47.65 37.23 44.99 2.44 65.67 89.07
73.2 23.9 17.42 90.19 55.85 15.65 97.63 63.99 79.26 6.88
68.99 88.06 17.31 19.64 19.56 3.91 43.46 43.81 52.96 61.57
14.45 39.86 53.29 14.73 66.22 34.52 34.37 26.63 20.02 45.68
38.44 23.79 66.91 84.46 10.8 65.74 56.46 15.44 92.43 21.39
2.37 89.18 58.88 58.87 64.77 23.37 39.15 74.81 37.14 34.4
89.7 68.3 20.73 25.04 67.76 40.95 10.06 17.66 11.2 40.63
30.4 76.98 15.67 90.08 48.02 91.96 14.53 7.5 77.31 97.86
