53.12 16.8 91.13 16.05 74.05 63.84 3.9 10.6 29.48 26.82
13.38 66.6 53.98 44.75 16.77 39.4 64.05 11.99 74.06 91.81
53.35 37.48 69.44 6.45 79.61 54.89 0.48 37.31 35.74 75.74
42.66 17.48 76.56 80.05 97.08 68.92 76.78 98.1 24.43 25.13
74.71 50.16 60.53 40.05 32.61 87.16 3.11 4.98 74.53 9.81
50.88 42.35 60.07 2.84 63.09 91.68 87.13 29.76 60.86 78.26
56.33 69.57 70.57 53.84 5.06 66.54 30.62 87.38 33.34 42.41
51.15 39.8 52.61 26.99 20.32 73.17 5.49 59.15 74.46 17.44
72.51 71.39 57.71 28.26 52.17 99.08 69.05 8.14 58.08 87.61
58.73 70.78 25.76 23.27 33.61 19.22 87.98 3.87 29.26 51.49
40.76 98.28 6.06 42.86 91.11 72.43 57 72.13 25.33 46.09
95.05 76.71 29.42 81.28 78.17 19.08 58.38 66.6 92.69 32.38
17.03 64.35 23.59 74.29 2.99 24.9 4.83 48.73 74.18 33.54
67.31 92.55 14.81 0.36 22.51 54.55 11.41 43.21 54.63 94.29
1.98 83.41 2.1 25.43 9.99 65.64 4.97 35.51 81.49 6.61
84.63 56.02 26.46 65.18 66.42 71.75 65.71 40.32 40.93 64.84
5.85 21.73 11.27 65.34 89.97 16.4 23.8 10.15 34.22 93
89.47 48.21 36.32 22.71 61.12 65.92 6.13 47.59 78.35 66.44
43.03 53.42 6.88 58 48.36 92.27 73.36 25.02 65.68 23.85
71.61 77.4 7.69 20.83 19.77 3.54 30.15 19.6 55.28 32.3
73.55 17.08 46.87 21.32 30.98 10.31 21.31 15.54 20.01 47.22
75.35 34.98 93.95 19.11 22.09 32.33 65.69 61.68 67.39 64.08
28.73 52.2 82.53 11.29 14.67 63.25 15.93 36.69 18 88.6
24.55 30.99 25.95 7.69 15.06 24.59 7.32 36.38 4.83 6.68
47.07 98.52 65.17 60.11 3.94 48.89 21.21 32.69 16.3 14.16
35.94 80.87 27.11 18.24 15.39 51.07 44.3 95.3 15.03 0.85
37.91 62.85 5.93 86.63 98.23 54.04 36.06 92.51 16.15 68.83
17.52 31.43 82.26 60.14 64.53 11.97 61.39 76.43 23.51 27.79
75.95 4.32 13.97 7.77 79.46 37.28 84.81 24.01 79.71 4.9
52.19 27.96 37.65 59.54 91.35 56.26 7.42 31.57 54.74 38.42
99.31 53.35 65.87 24.59 86.14 4.63 71.59 39.61 11.84 30.13
4.29 1.41 2.95 66.82 45.56 11.42 78.49 68.41 89.13 44.77
31.21 4.61 27.01 28.8 49.77 84.36 11.75 67.32 80.81 68.02
25.1 26.88 45.03 24.09 40.02 52.96 29.52 84.55 32.03 15.59
64.14 9.92 22.5 24.65 65.87 94.85 49.99 54.32 18.68 20.85
82.66 87.65 30.09 48.6 75.9 65.38 70.2 65.38 98.74 62.29
28.24 5.09 65.62 45.99 71 20.65 3.1 26.05 21.12 83.34
56.01 63.67 28.95 10.43 27.01 28.32 71.18 78.58 27.98 50.14
57.88 81.55 20.36 69.7 7.15 15.66 82.76 23.21 96.61 46.84
56.88 43.32 25.14 36.77 97.66 7.33 13.62 60.39 1.91 40.76
96.85 36.77 73.54 58.81 18.67 14.78 61.12 13.62 35.61 32.8
27.77 63.75 11.05 53.64 57.83 95.32 86.46 70.84 96 39.03
73.1 50.74 29.78 99.94 29.52 70.99 68.66 56.75 83.35 21.48
56.22 8.99 58.24 77.55 51.4 71.8 36.73 11.53 85.7 86.07
30.75 86.23 89.76 38.92 84.18 17.99 62.02 28.58 46.98 3.8
0.83 0.74 17.8 32.21 6.3 64.4 54.25 57.25 56.62 8.25
37.1 15.19 24.81 2.35 44.73 24.64 76.25 7.69 60.66 22.37
72.99 49.26 93.81 64.55 91.15 87.57 85.04 60.92 0.56 76.3
5.6 1.2 85.31 47.47 95.29 51.8 31.34 0.91 33.18 69.73
20.99 54.71 78.13 30.56 84.1 7.48 22.94 49.33 71.51 95.04
42.06 46.73 68.19 11.12 16.87 90.41 56.66 55.86 40.1 29.56
13.98 32.62 34.08 63.6 91.3 69.54 16.53 3.19 33.44 16.46
99.66 51.87 68.71 12.53 83.81 17.44 21.84 26.06 25.14 64.49
8.16 30.57 78.92 72.54 0.18 22.3 12.96 0.36 20.14 13.46
77.61 48.77 81.89 51.39 25.13 88.5 8.14 80.79 94.23 13.19
14.14 33.04 52.66 16.38 15.87 49.3 5.57 58.78 26.42 19.44
93.79 52.28 93.94 45.24 71 93.14 26.17 76.14 39.29 27.92
62.93 98.22 44.53 4.25 56.85 56.85 71 42.72 17.37 73.93
32.16 14.02 58.63 32.32 29.06 89.9 81.44 11.52 41.26 87.62
14.58 91.71 81.62 64.15 56.47 93.52 9.12 52 3.98 42.64
1.69 31.26 3.2 9.91 17.25 87.12 47.42 5.24 29.53 62.33
64.98 65.22 91.2 71.07 52.75 83.35 92.93 79.07 38.12 96.85
62.79 53.16 14.39 6.63 96.22 20.81 60.14 81.11 13.49 8.69
19.78 17.58 60.89 27.09 6.64 44.11 7.85 21.61 62.81 40.15
68.79 8.06 89.12 22.08 23.26 55.11 10.65 97.89 73.95 76.78
61.53 71.13 60.81 54.69 43.85 15.32 10.8 12.26 89.18 37.19
67.74 0.59 98.78 73.34 87.84 39.81 48.03 47.62 13.22 9.72
95.88 75.6 11.74 99.18 92.45 90.84 98.98 70.08 2.51 19.7
12.05 45.18 8.69 34.46 27.71 52.28 87.68 11.62 36.47 25.47
20.01 42.16 40.24 98.17 28.4 8.09 36.07 24.71 49.71 63.1
48.96 41.93 40.16 57.57 74.63 34.97 69.76 85.98 73.81 53.01
54.48 90.61 57.39 98.75 56.5 10.43 74.62 83.78 3.56 49.05
83.88 16.66 93.5 55.32 62.78 77.35 18.17 96.63 24.7 44.74
70.79 95.09 49.38 86.49 17.5 47.11 28.58 28.64 63.37 28.53
38.87 46.39 65.68 1.44 15 38.21 29.35 18.47 42.1 75.5
5.17 23.84 84.62 83.7 15.01 59.46 68.86 19.5 39.86 11.84
83.08 21.42 62.55 60.97 50.57 44.75 33.4 20.29 27.26 90.33
97.04 18.43 14.71 25.81 18.91 24.09 83.21 88.93 60.75 12.27
34.06 31.52 34.51 36.56 25.18 93.68 37.42 60.89 10.72 22.13
4.26 3.24 67.78 28.6 23.78 40 35.01 23.51 66.36 40.57
17.64 71.83 14.37 96.06 68.3 72.31 97.62 24.09 15.22 17.87
76.4 85.99 11.55 89.04 34.22 85.85 2.28 38.38 50.41 72.5
70.05 77.48 50.48 73.78 0.95 81.71 34.74 79.62 59.25 90.37
50.85 31.05 1.55 49.51 6.48 63.75 12.99 0.05 68.91 48.08
74.46 88.93 94.13 95.71 98.96 63.03 58.3 2.35 50.55 51.15
8.15 75.33 19.57 93.95 18.3 75.39 70.36 37.79 50.86 6.17
98.57 18.38 5.03 85.27 91.08 13.71 1.29 19.66 8.55 28.64
72.87 47.02 34.61 79.97 51.62 65.66 50.14 84.6 6.03 59.42
59.52 6.95 12.3 84.66 33.75 30.03 75.79 58.07 63.28 78.52
36.7 24.84 30.02 58.34 64.65 1.05 8.55 51.7 35.85 85.46
44.18 38.47 33.26 31.54 7.28 48.82 51.03 98.98 93 34.96
60.38 90.09 84.3 5.39 1.35 11.6 33.48 32.68 74.71 3.82
32.6 27.19 4.34 8.98 77.04 77.19 32.21 74.31 86.51 47.72
77.74 34.05 72.43 15.38 2.17 10.37 14.31 11.88 31.32 22.29
18.83 28.41 32.61 14.77 90.26 59.98 5.95 90.81 86.03 54.28
67.46 37.36 69.11 76.35 30.34 66.2 37.14 36.63 83.14 32.99
95.44 27.62 76.01 72.53 75.3 50.66 4.62 24.23 32.41 10.2
78.97 41.12 76.02 12.41 90.02 24.26 69.95 36.56 76.56 63.47
5.09 25.01 34.76 43.09 18.5 15.53 28.07 72.26 26.57 69.85
93.52 92.36 88.39 86.51 99.55 20.83 53.53 41.02 4.71 28.88
