0.1 56.49 68.08 98.56 92.8 10.91 61.14 28.8 72.48 53.78
62.83 9.36 49.04 97.93 10.96 95.54 54.12 87.34 97.59 41.45
47.67 22.32 40.7 57.43 9.68 10.54 42.51 82.93 11.76 1.86
23.41 80.44 88.66 18.55 91.79 18.42 79.64 72.79 66.44 25.75
33.74 1.91 24.3 53.36 10.49 92.62 77.79 36.35 79.14 83.56
88.25 75.32 87.98 15.76 58.33 40.88 13.2 54.29 88.35 32.56
63.21 39.82 67.03 56 75.67 19.35 41.67 11.12 78.65 1.5
22.75 27.55 85.22 71.21 68.21 6.07 43.88 66.49 6.78 14.84
7.92 7.36 62.57 80.48 79.87 34.96 18.87 13.7 49.7 12.68
66.42 35.57 21.21 24.03 50.94 39.68 79.12 42.17 5.16 62.36
