67.84 75.43 90.22 92.89 39.26 14.24 8.48 58.53 75.46 69.45
21.65 76.33 68.85 80.3 94.27 46.58 40.79 35.2 50.58 34.03
16.33 9.36 15.95 52.78 66.05 21.01 37.46 89.78 99.49 40.55
0.05 86.96 91.94 24.05 34.93 82.59 46.06 41.08 93.8 82.47
42.35 26.48 83.83 32.32 12.13 34 70.87 23.58 88.78 25.73
73.39 16.32 13.85 86.28 78.08 9.83 66.25 52.53 8.35 23.16
61.62 73.86 12.38 82.21 47.28 72.35 17.21 77.32 67.52 23.93
77.15 24.8 67.47 23.86 90.58 19.44 95.3 6.62 41.11 0.61
25.98 2.23 71.25 85.27 49.75 86.78 21.15 24.35 48.4 2.67
74.56 67.88 74.72 97.64 33.91 7.92 86.12 73.23 88.03 50.76
47.55 74.57 22.13 15.06 16.51 91.11 45.95 35.05 8.18 27.51
88.11 71.82 68.79 42.06 27.93 43.86 97.06 39.73 40.45 64.76
6.17 72.32 81.44 86.73 83.17 22.23 70.97 60.97 16.69 39.23
36.27 62.84 5.29 83.63 55.69 15.88 11.13 89.75 36.61 90.44
60.47 4.92 24.44 92.17 34.25 92.98 92.78 92.01 37.96 97.54
5.33 87.94 61.58 66.69 12.28 94.83 34.27 26.09 59.31 54.4
92.51 97.96 88.72 25.78 41.29 48.3 61.91 67.66 29.02 96.34
14.77 76.88 26.31 70.61 26.02 22.07 50.77 17.78 14.69 98.9
46.76 19.18 76.2 0.83 47.98 33.68 5.24 48.91 56.72 21.94
53.42 23.66 33.81 64.38 27.07 65.77 75.94 6.27 15.93 99.29
76.19 2.47 59.9 44.21 72.04 7.54 53.56 55.03 92.01 83.6
35.82 3.03 17.62 31.75 70.58 71.21 44.01 8.57 36.39 2.64
99.1 18.36 54.17 92.67 78.45 68.49 98.59 5.9 49.5 29.46
39.25 17.4 59.26 14.79 17.02 22.28 28.44 5.22 3.47 62.33
43.03 27.94 80.88 84.47 81.49 68.93 24.7 44.59 11.99 86.34
19.74 6.66 29.8 75.1 91.89 35.41 75.62 27.64 5.45 66.27
66.68 13.3 82.83 34.07 68.57 99.62 41.41 99.48 46.17 21.35
56.94 31.42 89.49 75.69 57.15 47.95 89.19 15.62 93.53 27.3
14.88 32.33 51.84 70.18 54.01 75.43 87.94 42.06 47.48 18.89
60.04 8.55 69 76.77 16.36 22.19 95.06 10.64 98.6 44.21
12.66 64.79 30.86 72.13 45.41 11.41 9.85 39.78 55.99 24.84
61.46 58.76 99.32 43.91 11.82 10.07 69.11 9.2 65.43 25.17
27.55 17.34 68.05 8.35 17.82 90.01 55.91 87.75 85.71 44.25
8.99 38.8 35.19 50.99 99.22 55.1 53.09 90.05 22.07 3.24
89.34 83.89 31.62 56.2 84.91 61.17 44.4 1.77 92.29 62.09
38.53 13.46 94.64 2.44 34.68 48.94 22.02 2.07 19.34 86.83
60.42 56.52 86.25 62.52 13.19 18.91 27.07 11.78 38.55 70.91
4.16 67.85 88.82 3.55 81.2 25.27 2.61 83.84 49.17 0.72
77.55 98.66 6.19 13.42 11.21 40.99 58.4 99.84 44.25 85.51
15.5 64 78.17 18.58 71.27 8.57 10.6 75.67 8.89 23.68
73.06 55.97 87.38 70.82 18.52 90.47 33.81 94.07 0.99 54.43
63.65 48.61 71.05 6.98 75.38 9.28 95.75 70.18 20.26 72.17
50.01 36.41 82.73 96.93 70.87 88.91 70.52 22.47 28.13 17.98
2.51 33.12 66.94 89.96 2.53 7.9 62.36 85.52 59.44 79.15
22.99 47.4 35.61 84.07 38.79 26.35 37.85 1.45 67.39 86.91
56.17 1.7 41.63 57.41 5.75 85.7 71.08 13.35 73.05 35.99
69.38 55.37 95.21 15.55 75.79 21.92 46.02 27.17 41.07 25.44
57.54 57.87 1.5 79.97 50.73 42.71 11.25 74.91 76.41 12.71
73.55 75.4 95.34 21.14 58.23 46.98 60.31 74.23 22.72 80.46
5.82 60.88 19.4 59.28 20.69 51.84 66.57 71.28 24.49 62.96
67.51 70.45 90.91 30 53.09 56.68 21.88 1.72 83.39 38.99
47.93 54.36 17.68 34.94 21.84 49.45 14.14 82.49 79.3 56.53
42.67 10.79 78.34 95.15 10.73 41.63 14.36 28.31 51.52 17.18
54.81 1.9 2.09 87.36 24.1 83.77 77.98 97.14 27.55 7.58
70.01 66.83 83.39 70.8 3.87 52.17 57.68 85.6 60.46 37.14
86.64 87.39 31.49 39.96 10.37 33.74 85.06 20.9 47.37 92.08
54.24 26.08 8.75 44.55 14.34 11.13 23.44 12.86 21.71 80.62
84.13 3.73 22.72 47.14 32.44 56.49 47.55 1.08 35.1 87.1
40.49 18.37 8 71.7 62.7 73.95 31.92 40.91 59.27 66.77
75.62 95.72 26.65 34.87 79.02 16.12 65.92 38.64 46.28 44.08
41.15 1.46 62.91 2.9 40.62 75.22 1.9 22.09 9.43 43.05
68.89 36.11 34.3 74.1 15.46 30.49 21.18 23.09 10.91 50.18
59.37 0.11 73.75 97.22 93.63 57.07 57.87 83.4 66.05 7.24
24.07 9.66 21.49 69 45.41 87.08 59.64 69.85 6.57 72.95
6.25 9.82 84.09 39.44 24.84 14.16 99.84 34.88 64.77 12.74
70.13 92.01 58.86 9.97 35.13 60.02 63.74 31.96 75.45 82.47
33.04 33.19 17.69 47.28 93.23 52.29 78.74 52.19 7.87 1.04
73.72 85.96 66.08 37.48 71.36 90.12 21.17 61.21 53.67 16.79
7.32 83.29 97.99 38.5 68.08 47.31 82.56 63.73 1.55 75.45
27.53 18.7 5.05 11.59 23.69 83.1 25.88 63.09 37.22 74.16
5.53 17.67 66.32 32.71 6.92 32.51 48.51 78.15 62.88 27.47
43.61 41.27 90.97 90.19 65.45 31.01 89.49 31.25 57.55 82.66
44.56 1.55 64.75 66.72 12.39 33.41 23.43 93.37 89.6 45.16
88.47 15.14 92.72 36.78 4.45 0.96 41.17 5.71 26.69 18.17
98.69 65.67 55.02 51.11 13.9 48.57 53.7 35.52 17.75 59.78
20.35 7.3 86.3 56.27 20.3 25.81 77.56 96.17 61.64 87.44
55.19 84.98 54.94 61.93 90.95 9.64 71.54 28.56 98.83 93.63
44.2 83.39 41.8 35.08 75.02 22.23 47.21 88.57 54.18 4.29
39.65 54.44 15.99 5.87 3.98 28.3 48.35 81.49 59.83 65.54
12.48 35.48 4.81 84.06 69.38 15.26 24.61 55.7 8.15 41.81
93.58 9.49 4.96 54.68 52.93 18.52 9.44 63.68 1.08 55.39
68.58 14.2 34.14 15.61 97.52 79.75 20.07 38.39 74.89 43.93
10.64 41.46 41.14 13.08 38.22 3.61 2.41 0.48 99.56 28.65
73.57 17.14 39.74 9.19 95.46 99.17 57.28 22.29 10.52 45.29
30.93 26.25 8.82 39.07 17 94.9 75.09 63.41 96.08 77.65
19.21 20.24 56.63 91.99 42.27 1.28 21.9 19.87 34.91 12.23
24.51 77.99 45.8 91.72 35.31 91.38 12.42 53.25 16.85 31.6
59.95 59.3 48.22 48.73 97.05 94.36 51.5 12.07 77.59 69.1
11.15 96.87 10.82 3.79 78.21 19.46 1.54 86.56 39.93 68.76
2.65 59.07 61.94 76.76 4.59 8.21 6.61 86.7 18.15 50.28
68.84 82.85 58.13 41.8 20.38 57.81 38 9.42 37.72 21.12
35.66 25.21 11.11 6.54 61.81 40.25 3.28 66.67 34.08 43.89
87.76 56.6 34.67 74.21 49.53 76.9 3.79 97.72 52.92 40.82
74.49 20.58 4.21 35.96 51.85 23.57 43.17 20.43 1.98 93.62
95.58 99.56 26.33 54.86 31.72 15.22 94.49 16.9 79.61 10.65
73.73 25.98 61.45 21.7 87.2 87.8 61.76 9.19 43.63 13.77
84.89 86.8 64.26 36.08 44.48 29.72 34.32 79.28 12.98 73.96
41.88 70.22 81.8 76.12 17.68 97.34 47.77 63.47 41.43 90.3
64.08 24.3 0.72 90.99 13.09 17.44 82.08 16.25 20.63 44.92
15.4 26.05 86.1 0.38 97.43 10.29 20.3 26.47 28.17 33.62
