67.84 75.43 90.22 92.89 39.26 14.24 8.48 58.53 75.46 69.45
21.65 76.33 68.85 80.3 94.27 46.58 40.79 35.2 50.58 34.03
16.33 9.36 15.95 52.78 66.05 21.01 37.46 89.78 99.49 40.55
0.05 86.96 91.94 24.05 34.93 82.59 46.06 41.08 93.8 82.47
42.35 26.48 83.83 32.32 12.13 34 70.87 23.58 88.78 25.73
73.39 16.32 13.85 86.28 78.08 9.83 66.25 52.53 8.35 23.16
61.62 73.86 12.38 82.21 47.28 72.35 17.21 77.32 67.52 23.93
77.15 24.8 67.47 23.86 90.58 19.44 95.3 6.62 41.11 0.61
25.98 2.23 71.25 85.27 49.75 86.78 21.15 24.35 48.4 2.67
74.56 67.88 74.72 97.64 33.91 7.92 86.12 73.23 88.03 50.76
