65.62 3.15 66.74 13.84 34.31 65.5 85.77 83 88.7 17.98
22.22 46.38 87.7 69.92 76.88 53.15 54.63 85.57 16.41 93.58
18.11 68.08 63.95 70.38 66.43 37.68 65.56 27.43 85.56 68.95
25.49 31.89 21.55 2.1 2.63 0.15 58.87 40.57 29.19 70
50.94 81.05 42.04 88.12 77.49 46.25 44.86 6.97 20.44 79.06
13.13 2.35 15.76 2.43 87.63 42.37 24.11 46.27 13.14 42.04
71.29 86.08 85.13 6.86 56.85 60.56 33.25 59.24 49.56 29.9
74.99 31.48 83.35 52.79 21.16 94.34 51.11 94.61 36.91 0.23
81.96 87.79 23.03 5.7 10.47 24.67 89.08 39.75 40.17 82.29
21.67 93.33 20.58 68.56 74.49 70.77 35.74 84.7 66.67 21.11
