64.62 18.44 33.81 3.11 51.88 20.16 60 60.22 2.85 28.96
7.25 61.55 45.47 95.36 6.05 82.33 56.1 3.25 69.87 47.9
59.23 86.23 89.76 37.72 56.3 90.52 28.5 7.82 76.15 45.42
59.15 7.5 84.69 49.89 3.34 47.82 46.15 10.39 7.99 59.42
35.35 9.03 64.67 88.22 87 77.4 7.73 69.24 98.26 93.56
53.55 61.04 87.89 37.29 74 38.06 21.66 1.46 38.92 27.96
30.69 48.29 35.77 12.61 98.47 42.12 81.75 53.89 20.02 92.21
11.46 5.9 44.55 3.34 1.78 74.66 86.47 35.37 77 5.7
39.3 50.92 23.59 63.26 70.91 77.41 23.85 21.74 41.2 26.68
97.55 17.85 37.28 94.17 19.7 42.19 10.38 63.83 55.52 99.16
