47.51 2.56 68.62 10.26 67.85 35.07 54.83 9.19 35.3 86.22
12.9 12.13 4.64 47.02 18.42 99.48 27.83 13.93 65.71 73.4
23.8 15.92 36.01 15.64 90.16 31.01 3.57 77.98 1.03 99.91
63.88 26.1 20.33 88.59 92.6 67.15 2.49 33.49 2.37 95.19
3.64 8.56 23.16 9.86 19.96 29.94 90.38 42.29 60.94 38.59
70.58 63.31 76.97 1.44 21.75 99.17 74.08 26.75 94.73 91.26
94.98 26.45 0.3 78.73 9.92 75.35 71.98 74.34 26.06 62.53
31.78 97.3 89.25 42.12 4.36 48.71 34.96 57.18 77.84 31.55
92.78 3.71 33.45 64.36 24.4 14.9 36.14 99.48 22.68 4.81
3.75 28.9 71.37 28.41 63.79 22.49 24.35 82.13 13.87 3.11
