16.52 53.83 14.58 25.19 50.51 59.92 64.49 10.98 2.25 98.13
96.47 24 17.57 96.09 49.72 16.61 4.17 66.2 63.07 82.18
39.22 58.26 73.16 76.25 12.88 95.25 5.33 59.32 40.97 46.28
78.61 16.03 92.9 79.96 18.89 63.41 8.01 32.54 69.38 75.21
18.77 53.77 81.67 13.49 14.07 15.7 36.39 99.03 62.61 25.85
83.13 7.21 95.64 62.29 27.04 25.54 84.45 33.55 22.25 37.79
41.24 25.47 6.07 60.4 12.53 82.75 90.97 32.72 30.64 57.76
6.41 17.9 60.07 99.22 43.37 91.05 72.12 67.12 93.38 77.68
49.12 84.76 16.45 31.7 36.1 11.6 48.29 63.09 30.77 16.56
91.88 46.61 34.14 54.26 97.65 96.72 52.44 40.68 49.62 86.32
23.76 67.49 51.03 16.09 32.31 31.83 33.02 22.67 20.29 25.15
95.17 55.69 91.65 24.13 73.65 88.67 71.11 78.09 3.08 44.66
45.04 91.27 55.25 23.14 0.24 11.31 10.07 98.37 36.08 93.04
41.95 92.45 36.9 73.66 87.78 14.97 98.78 92.8 47.35 61.72
8.1 33.87 8.4 87.39 9.14 13.65 10.66 26.22 82.96 2.98
49.73 87.92 22.22 27.01 47.82 64.42 47.29 89.17 47.57 45.25
60.96 1.5 15.74 79.03 68.22 2.09 38.03 21.67 58.44 18.06
22.1 48.92 39.94 89.69 91.87 22.92 22.31 45.39 22.45 52.09
19.6 24.43 55.69 51.04 3.65 37 94.94 82.53 4.02 77.37
78.87 40.81 15.65 99.26 30.1 89.01 70.75 20.24 26.03 28.44
67.36 15.04 82.97 67.71 30.46 19.88 24.22 46.68 98.29 99.91
49.24 44.45 94.53 22.19 63.58 54.1 77.12 84.51 61.01 21.54
70.99 79.33 81.81 39.68 45.82 14.24 89.44 52.72 7.78 47.87
85.12 44.78 0.35 30.54 50.02 33.53 4.54 87.09 93.21 11.25
50.6 90.9 42.65 41.13 48.47 17.61 52.86 57.66 4.45 93.63
11.08 51.3 97.39 50.83 37.12 75.4 88.2 90.53 81.82 15.52
52.82 18.64 40.84 20.69 78.6 10.57 33.27 4.54 24.96 84.82
61.81 20.38 22.19 9.79 99.55 39.67 60.07 12.08 95.12 56.52
66.2 66.18 10.81 18.29 59.63 61.55 34.62 49.63 81.26 94.6
23.65 10.13 89.64 35.53 10.86 12.75 97.4 23.52 9.43 26.25
37.11 86.61 74.4 12.06 19.39 53.46 55.85 80.29 18.21 37.81
54.11 13.63 0.07 64.82 9.57 39.39 44.34 78.11 56.32 25.98
82.21 81.41 59.65 28.95 12.23 26.13 77.33 17.98 98.42 43.23
72.81 31.55 96.57 24.54 78.28 64.78 22.59 34.96 92.77 90.6
22 34.74 85.77 70.85 7.07 57.63 29.68 63.47 3.77 8.77
76.39 8.53 22.33 39.05 18.22 7.09 24.84 4.29 69.95 50.71
25.11 32.03 29.11 68.36 41.51 38.35 74.47 63.58 69.32 89.71
47.5 13.24 8.49 29.03 82.81 48.88 62.35 45.8 32.51 9.83
17.35 14.09 61.14 80.24 34.65 33.35 45.37 22.41 41.95 36.16
99.83 10.38 67.31 29.99 84.64 44.28 3.36 26.38 66.91 17.01
32.78 41.66 68.6 22.85 41.91 43.78 85.47 91.96 42.76 8.29
24.68 57.41 57.81 40.85 69.04 2.95 43.26 63.28 53.8 1.69
88.27 29.5 80.97 30.67 5.89 37.99 74.04 9.62 13.09 11.59
96.3 12.53 15.6 64.78 22.23 92.14 7.47 71.41 98.47 40.19
71.61 40.22 41.17 72.54 25.07 5.15 23.07 62.01 73.99 88.58
1.53 25.18 71.09 61.36 8.81 96.46 51.17 6.99 15.63 74.4
22.61 86.2 40.18 5.72 66.82 49.25 58.23 98.17 89.88 73.59
63.33 95.56 18.56 59.12 0.6 36.58 12.32 3.06 38.34 93.99
99.09 46.79 2.54 77.44 90.96 78.04 98.63 60.78 87.57 4.12
73.01 63.64 11.05 84.07 23.58 14.11 81.89 35.3 10.12 33
67.15 8.97 69.09 0.54 99.69 43.3 49.95 18.24 39.97 33.87
94.44 86.65 37.19 8.55 26.85 85.74 20.29 22.85 13.23 38.6
90.5 74.25 48.82 17.43 67.76 63.67 63.7 23.38 30.33 96.3
56.7 31.44 99.84 22.41 41.59 76.5 5.17 31.88 64.49 73.62
21.69 32.21 90.83 23.59 8.7 49.92 72.77 37.06 7.79 25.28
69.17 13.04 37.19 12.35 18.67 35.53 75.39 97.41 86.86 42.73
28.05 38.71 60.46 15.65 31.06 66.49 54.19 96 71.56 14.06
20.13 73.82 26.04 18.96 91.42 22.65 80.42 35.48 39.26 33.38
46.35 22.55 13.57 90.74 78.9 84.88 86.46 32.73 16.1 82.32
94.58 15.6 65.06 29.83 39.86 39.78 41.86 80.01 17.05 10.48
64.85 12.17 76.49 5.01 4.16 84.29 52.29 97.5 10.18 52.18
8.95 64.07 49.8 38.09 47.32 12.58 57.95 53.06 12.12 11.21
93 29.36 25.18 81.26 77.75 59.34 14.03 28.41 23.51 43.36
4.82 67.21 86.73 64.68 93.8 85.35 0.43 15.3 94 13.04
12.95 3.15 92.82 61.21 86.87 64.62 74.16 15.27 73.79 38.89
11.58 15.83 81.06 1.81 81.46 2.52 48.93 60.74 30.42 65.76
49.86 89.26 11.96 92.37 23.67 4.8 88.3 3.39 86.45 96.1
56.95 57.65 94.72 13.9 47.1 88.87 91.88 91.83 51.62 86.75
16.9 25.15 73.7 95.8 3.87 49.2 86.06 76.42 90.84 62.29
92.45 51.12 32.66 92.03 25.12 35.62 25.52 81.88 76.87 7.39
99.43 96.98 18.35 26.3 35.58 53.79 22.43 26.19 26.34 78.67
67.79 66.12 51.83 44.74 43.38 98.4 12.24 18 53.78 12.8
79.07 36.07 4.22 71.13 93.92 67.6 95.43 25.53 43.88 95.36
60.07 32.93 86.81 12.92 2.9 9.78 45.04 14.58 31.69 94.99
45.06 25.7 64.49 16.03 17.23 46.7 76.84 75.23 94.88 7.02
36.23 11.1 18.66 4.22 81.15 27.46 65.88 28.84 38.47 14.18
4.42 5.48 39.1 30.66 23.22 63.51 44.45 5.47 68.31 76.52
54.48 49.12 57.71 58.13 31.1 50.32 70.45 2.45 20.26 75.96
23.08 45.92 32.51 83.55 5.71 94.36 83.98 53.81 35.65 85.59
17.38 77.17 51.54 5.61 71.16 38.58 31.95 54.59 52.05 51.19
7.7 42.24 71.05 85.14 11.9 42.75 49.13 17.06 70.62 44.25
14.19 54.61 6.03 44.4 78.55 4.32 93.39 22.57 29.42 54.24
83.63 89.3 4.39 68.97 31.41 94.54 14.1 9.73 8.11 16.65
16.16 19.03 84.26 85.91 34.58 86.97 10.1 15.64 92.25 49.46
23.25 65.13 89.1 7.88 90.86 26.06 74.76 43.41 98.29 82.67
17.86 20.2 45.12 33 19.25 22.95 8.91 76.52 81.74 84.51
40.11 94.08 74.8 32.27 65.43 48.71 9.64 98.2 75.76 9.85
43.28 98.01 7.95 35.9 14.53 19.86 24.21 66.8 96.72 22.02
66.39 73.96 50.36 2.81 65.61 34.37 46.22 68.31 22.99 88.89
16.25 90.67 98.9 83.6 58.11 10.03 20.4 15.7 33.76 5.16
4.16 72.33 32.53 25.97 50.72 32.79 32.95 89.67 1.35 1.12
1.49 84.87 62.41 84.19 28.59 68.23 28.57 80.37 6.33 57.77
14.38 29.83 15.8 43.34 38.01 95.86 60.75 22.63 64.78 22
55.8 53.86 11.53 74.68 10.16 30.86 23.95 20.52 70.52 76.1
17.09 88.14 21.3 27.87 97.48 78.89 65.59 25.33 27.66 99.57
68.14 78.29 14.84 75.26 6.85 72.68 4.24 10.77 41.83 46.94
32.88 35.83 69.94 60.67 41.32 57.78 7.77 6.06 46.45 41.58
26.36 80.69 4.14 11.6 69.82 81.2 12.16 1.33 19.68 59.65
11.44 17.48 64.69 12.66 57.87 6.52 16.54 23.89 71.58 5.21
80.3 55.69 60.79 13.93 81.68 46.34 30.24 31.8 32.16 96.11
