70.27 54.97 41.85 32.03 73.04 38.07 97.66 77.28 53.64 22.43
38.77 85.59 24.94 7.81 65.43 32.23 52.36 88.18 16.54 74.27
17.92 36.72 55.57 14.54 82 93.08 15.95 64.14 17.81 69.28
47.29 70.05 54.46 53.05 40.41 78.88 43.74 14 94.1 18.09
99.95 80.87 52.26 1.92 97.61 50.62 68.27 68.9 36.06 1.98
31.45 98.48 11.27 76.07 23.06 62.84 43.95 79.65 92.23 16.55
13.26 82.8 36.11 20.62 8.65 18.92 57.69 80.14 64.16 25.09
81.23 47.49 49.48 18.31 96.72 93.64 71.3 40.94 81.41 76.1
36.03 4.9 69.76 95.54 78.37 55.57 68.81 14.16 62.11 91.03
75.37 83.11 23.69 85.29 24.07 24.63 15.95 29.77 5.61 37.33
50.05 39.9 69.2 27.64 8.37 25.89 36.08 84.83 89.61 46.83
16.46 7.18 35.71 17.8 84.66 32.41 44.92 24.75 53.83 5.7
34.48 25.86 89.77 0.23 21.82 6.6 9.82 29.68 15.47 33.22
50.96 38.22 92.39 61.23 86.9 70.76 38.8 54.39 99.85 51.89
60.62 42.94 14.45 3.99 74.55 4.28 39.6 73.02 28.75 84.33
2.55 7.79 32.02 87.1 42.38 1.26 89.49 10.81 21.44 16.5
46.99 36.53 81.51 67.52 63.57 15.4 9.61 77.59 3.56 14.31
0.12 12.83 67.61 27.43 62.83 86.11 47.97 70.68 8.26 22.88
39.86 13.9 68.78 68.5 9.38 48.11 78.09 16.52 45.34 85.52
33.4 43.56 6.26 62.03 84.53 6.92 83.51 79.92 42.04 26.6
93.77 14.19 86.89 54.92 75.3 21.98 23.12 33.96 24.38 55.31
2.23 12.15 80.41 61.23 52.79 24.39 49.5 41.92 96.65 90.26
55.54 14.17 38.91 85.5 17.36 91.72 68.27 52.01 36.61 55.85
79.96 1.72 84.23 66.91 92.71 7.04 23.62 54.82 20.19 5.7
55.87 11.52 43.36 29.55 44.72 8.33 73.52 62.11 35.99 44.3
63.43 63.67 6.07 59.07 32.92 67.04 32.69 50.32 40.49 23.03
71.75 23.09 20.88 3.02 22.7 0.41 32.7 50.4 33.91 22.37
91.41 20.27 22.82 80.04 8.36 99.17 63.92 33.02 79.37 56.77
63.82 90.69 26.34 2.6 36.71 61.43 29.12 18.35 32.97 49.9
74.54 9.5 85.34 85.09 8.73 97.62 40.62 13 87.59 52.43
2.75 55.25 9.81 74.41 33.97 44.31 39.56 75.96 88.95 36.66
37.47 61.25 73.22 3.89 43.55 59.11 17.76 85.97 42.95 30.38
82.6 62.23 81.7 14.87 82.88 96.48 6.14 24.16 70.07 51.95
20.66 5.21 63.48 52.27 77.87 25.64 26.34 19.77 61.83 67.2
62.94 54.87 33.66 61.56 88.1 94.06 11.14 82.26 28.68 93.25
36.24 54.9 91.26 1.79 0.46 94.89 89.74 63.12 5.2 71.37
26.81 17.99 5.42 42.43 69.32 18.78 16.81 36.9 92.99 92.25
10.3 94.1 93.49 91.4 10.89 76.81 60.72 41.75 80.06 45.73
13.37 78.07 17.23 66.06 52.31 70.42 90.26 19.24 23.45 42.03
16.7 33.4 71.88 43.84 53.32 94.72 37.93 28.32 21.89 4.29
99.91 51.92 58 30.17 8.05 1.2 3.17 3.88 43.95 59.54
39.19 37.1 63.29 3.38 68.26 26.5 42.79 29.64 82.37 26.89
93.67 41.46 25.53 65.22 77.68 21.89 30.68 62 23.81 16.31
62.47 57 52.13 87.03 32.86 35.17 43.16 18.12 90.89 55.82
2.02 47.33 87.66 13.27 6.67 66.4 18.02 4.3 85.03 11.37
29.04 9.11 46.9 93.17 35.29 27.21 44.94 59.6 41.73 85.8
84.31 86.36 26.64 74.32 72.31 90.12 0.72 93.51 82.92 54.88
56.22 40.38 72.15 47.77 62.51 55.75 63.9 4.79 69.33 0.67
12.69 51.84 65.07 43.42 49.44 80.12 79.01 40.6 75 34.79
0.95 4.59 2.87 93.27 4.24 51.68 22.12 24.15 93.01 31.18
3.55 64.67 27.71 9.16 19.85 90.85 55.66 59.99 75.24 18.16
43.71 49.92 4.74 57.7 80.13 76.63 32.11 64.15 8.46 48.96
25.23 29.63 33.07 53.81 21.17 70.72 31.5 34.6 36.2 11.78
40.7 71.14 18.11 34.95 80.33 36.16 66.64 93.95 96.93 46.06
90.04 18.9 92.12 64.13 51.51 95.27 57.18 7.85 73.21 30.61
21.79 39.75 53.64 69 73.05 10.5 6.96 48.23 91.06 57.08
77.51 62.99 68.02 5.64 87.15 4.34 90.8 83.87 62.36 34.09
26.43 47.96 5.18 9.03 56.55 88.51 71.62 45.91 34.07 22.44
32.52 88.39 18.93 22.8 29.58 65.14 66.08 65.63 30.91 34.19
39.66 3.21 92.69 2.84 81.78 68.51 52.67 79.65 26.87 20.2
40.53 31.04 22.14 24.33 9.7 58.69 8.44 29.05 84.37 6.02
86.56 2.73 44.99 52.93 18.51 24.11 95.36 17.65 67.61 17.83
72.75 15.89 8.07 17.86 1.35 99.07 71.34 18.23 59.55 1.92
85.75 18.52 79.95 19.6 61.58 3.1 57.12 61.57 10.28 69.51
65.03 76.31 45.28 55.67 82.38 35.51 13.26 64.4 21.64 13.48
15.63 24.31 4.41 4.13 18.16 6.72 6.75 96.08 91.65 27.21
34.1 8.03 55.67 85.3 43.11 94.25 98.61 98.42 37.77 17.91
98.63 54.46 17.19 83.27 34.16 2.14 8.61 98.61 42.3 8.24
62.73 10 13.75 39.22 73.01 77.87 48.87 97.86 40.5 36.37
52.55 92.47 5.54 13.74 26.64 60.14 20.79 36.83 31.2 32.14
89.47 51.47 11.8 6.21 45.11 85.38 4.31 32.3 79.76 83.58
18.82 97.95 45.91 41.21 92.77 13.68 51.75 5.67 70.2 35.52
34.84 49.76 29.49 52.68 29.14 2.96 62.73 60.4 59.8 71.89
6.02 84.64 14.55 37.21 6.84 7.88 64.38 0.8 0.14 33.28
16.39 27.64 57.79 81.27 82.13 39.19 76.76 68.09 44.4 96.56
26.24 41.7 5.7 25.79 52.79 88.05 18.43 49.22 46.75 19.61
7.59 56 69.2 60.98 7.5 45.92 14.86 48.03 63.56 18.09
93.25 61.47 58.9 74.53 37.52 11.42 83.01 23.38 44.68 92.14
63.82 10.8 35.15 43.85 69.62 96.68 90.68 31.16 12.99 38.84
35.58 66 39.9 16.12 32.53 63.16 27.26 10.33 13.39 20.67
87.21 85.48 93.15 14.88 12.17 91.54 93.46 57.75 43.82 17.53
41.1 17.1 15.06 42.85 61.48 30.2 43.82 99 21.65 28.48
82.99 64.7 87.85 43.97 16.19 11.21 17.99 79.4 52.64 75.96
81.7 80.59 8.21 38.59 47.28 43.81 17.89 69.46 24.4 12.03
5.12 43.49 37.78 71.21 23.01 55.36 16.2 22.11 84.52 95.06
6.73 95.77 24.67 70.88 25.56 75.69 96.52 70.63 57.82 50.28
99.25 22.57 90.13 88.04 27.76 28.04 85.65 84.85 20.6 50.31
86.27 99.12 74.2 82.79 72.07 52 21.66 62.17 12.02 91.03
65.58 51.52 44.89 45.76 92.52 24.97 0.17 44.11 69.31 0.37
66.83 57.96 2.52 53.44 10.73 8.68 3.07 19.52 76.18 43.81
46.31 54.95 26.02 4.72 48.24 31.96 91.58 53.94 20.2 55.99
8.07 96.86 99.87 50.04 45.33 60.44 67.08 73.46 64.85 37.63
51.27 59.89 97.74 53.86 34.68 23.04 89.68 13.66 19.64 10.71
13.98 6.55 13.19 55.47 64.7 47.63 35.81 19.59 26.47 85.43
36.97 25.39 54.5 4.99 17.87 15.03 99.8 91.09 4.12 58.67
8.51 22.41 42.8 85.25 85.82 58.72 43.19 37.06 91.86 62.55
63.64 97.36 42.82 89.78 86.9 92.11 25.11 24.4 1.47 72.31
44.81 79.51 37.8 93.18 30.92 58.51 16.77 75.21 65.66 30.6
23.89 1.8 77.12 25.42 17.26 27.58 76.6 90.22 84.6 24.7
56.22 92.73 4.91 51.88 78.3 62.54 42.26 67.03 93.4 64.71
