75.44 29.22 55.86 55.21 81.23 26 35.86 48.83 27.22 13.8
25.56 80.09 8.72 25.25 84.38 35.02 72.44 84.83 15.02 13.23
60.39 20.46 52.75 15.61 2.84 44.65 79.88 71.9 27.53 82.72
92.8 22.81 41.74 35.68 60.46 15.61 39.24 21.42 18.62 15.32
93.27 60.34 38.71 19.96 4.47 42.77 92.5 92.78 43.4 88.97
53.1 48.85 71.92 6.97 7.18 32.21 84.81 6.33 65.2 4.04
81.66 19.51 70.64 78.14 78.42 12.09 73.4 79.28 40.87 8.65
25.61 77.88 43.26 83.27 61.42 70.31 23.48 26.37 5.59 70.64
82.86 56.57 4.69 32.43 34 97.02 63.96 87.64 91.06 66.52
90.05 89.27 55.25 55.53 50.29 23.19 15.65 88.32 31.74 33.98
66.39 94.97 27.64 89.09 73.72 40.89 89.95 96.68 6.46 52.76
30.79 84.52 24.99 11.68 79.47 23.07 40.48 46.36 3.82 87.76
58.32 58.56 42.51 89.91 49.49 96.79 57.29 63.35 19.26 27.3
0.83 65.54 23.22 29.27 32.31 8.05 16.91 80.02 4.2 68.9
59.74 12.58 39.68 73.86 78.03 83.84 26.16 50.3 95.44 24.67
16.61 61.91 25.07 59.68 11.31 94.04 20.47 1.6 9.3 27.49
39.9 52.81 29.7 19.5 56.72 29.7 39.39 89.74 62.19 25.21
84.75 82.56 72.2 21.12 23.72 56.97 24.29 8 11.09 75.64
57.83 98.6 84.31 18.34 48.5 97.13 96.51 21.74 89.86 42.2
16.18 40.32 19.24 38.69 40.37 28.72 50.18 83.7 13.1 40.3
17.63 6.47 12.79 9.91 42.95 90.61 55.78 75.7 20.17 7.6
39.6 75.64 7.58 4.06 81.1 16.49 87.57 31.33 15.8 80.44
61.91 15.47 24.56 60.81 45.37 19.56 10.83 13.45 41.76 3.36
65.22 72.46 10.04 14.59 53.2 21.27 53.68 47.21 11.61 23.1
13.13 0.81 90.02 69.59 24.12 46.25 73.28 11.64 19.97 55.79
25.91 92.64 23.42 4.54 28.6 43.76 35.81 90.88 75.08 8.97
35.21 59.31 16.62 67.09 67.98 18.13 26.86 18.96 79.34 14.05
3.79 15.7 7.71 49.62 96.68 36.46 52.5 99.66 91.67 93.31
25.14 41.79 56.5 68.16 26.78 17.17 86.94 95.17 99.11 70.48
40.08 65.59 16.86 29.87 35.69 83.97 21.76 1.82 99.93 92.65
94.42 83.51 9.35 4.33 71.83 66.11 49.88 14.87 20.32 8.04
14.58 19.17 73.55 76.78 20.95 31.89 6.96 85.74 50.38 99.92
17.92 64.69 24.15 93.33 55.58 79.61 99.97 61.72 92.74 45.08
77.61 74.76 39 17.3 25.17 52.58 2.86 23.17 12.92 13.86
20.77 84.43 1.76 25.79 92.81 70.59 33.24 23.75 81.47 28.91
6.52 66.4 76.63 40.61 46.25 17.21 13.54 42.36 34.49 62.51
76.37 43.54 10.38 57.35 91.07 46.35 84.93 58.28 16.87 99.11
32.75 2.17 46.58 38.83 60.51 0.93 1.56 21.54 63.39 15.65
5.76 62.27 90.48 26.54 50.69 87.79 25.98 49.64 24.73 48.92
28.77 44.34 42.17 42.85 4.72 2.91 83.51 98.6 69.83 98.16
4.04 5.37 84.64 35.86 39.1 22.85 90.26 55.87 64.83 78.04
54.34 94.56 17.82 98.38 74.18 63.46 17.29 84.2 94.3 18.06
99.48 27.05 92.16 99.45 6.05 4.87 78.47 50.55 87.13 15.88
97.88 89.42 56.26 31.16 72.21 86.07 39.22 12.73 54.93 80.77
77.1 4.63 60.43 17.85 48.94 91.41 21.7 94.52 27.72 40.98
27.46 37.26 19.95 46.12 15.48 15.92 85.7 13.83 94.76 9.81
82.97 20.03 6.9 55.82 28.83 81.83 27.37 11.26 53.41 43.25
10.6 89.3 23.9 43.66 64.29 47.18 29.91 92.47 44.64 49.88
51.97 19.32 13.04 9.42 33.89 17.08 92.4 5.34 89.83 14.77
72.69 32.91 34.62 63.78 71.54 27.67 34.15 57.46 38.04 57.28
43.04 56.91 77.83 46.36 64.83 15.18 21.52 86.96 57.15 94.29
36.05 93.93 61.81 96.58 11.61 51.72 26.99 3.22 53.41 13.56
1.25 13.54 59.71 48.75 43.61 7.52 86.29 48.11 75.65 1.97
92.78 12.68 62.74 54.74 97.02 68.01 61.24 55.45 43.72 1.26
37.27 86.53 64.15 14.61 47.72 72.53 67.42 68.73 12.12 54.05
65.77 26.9 32.2 93.73 86.95 84.27 21.69 42.53 37.77 22.16
30.86 81.69 36.15 98.04 22.04 17.78 45.37 21.54 93.22 23.1
53.85 52.26 87.17 28.17 6.31 51.02 74.25 63.08 53.01 24.69
95.45 16.05 71.97 93.6 58.27 72.06 30.79 26.12 90.87 95.46
77.11 23.03 79.06 51.41 41.03 4.3 13.02 85.64 19.93 25.42
14.92 37.58 20.15 51.06 6.29 19.77 87.42 93.49 52.37 34.23
13.92 81.92 38.01 88.02 51.29 74.7 84.51 43.02 6.69 20.61
28.03 96.14 19.92 58.16 18.24 99.06 8.62 26.75 21.03 77.91
9.88 21.67 26.91 79.11 39.18 6.87 4.3 14.19 69.15 55.85
22.47 12.79 7.02 79.37 66.45 99.65 19.82 93.15 34.67 17.24
3.04 12.16 3.32 82.09 1.63 75.46 92.8 34.95 23.8 31.07
30.96 72.76 68.91 3.47 76.15 5.72 18.86 16.25 28.81 22.89
33.01 30.84 88.32 30.99 17.5 54.1 34.61 60.61 96.5 67.76
6.6 83.12 36.55 21.79 41.79 4.76 49.83 84.79 48.92 13.24
16.73 70.3 48.64 28.33 42.87 15.23 11.35 36.18 40.08 63.11
65.34 9.63 25.02 34.68 55.44 54.19 3.54 47.45 89.6 22.18
54.07 40.85 99.89 79.15 79.96 40.95 6.39 57.18 28.94 8.77
51.45 10.49 1.26 57.15 7.12 16.72 14.38 7.91 55.31 39.39
67.38 63.39 98.92 7.43 55.65 7.15 3.42 80.87 79.29 71.19
33.42 77.25 68.11 88.98 49.83 87.63 34.3 76.12 42.65 84.71
50.87 59.65 67.05 19.43 74.89 47.08 5.03 6.97 68.98 45.27
94.2 72.7 10.61 58.75 35.55 90.95 82.9 22.23 30.58 87.28
70.27 24.44 6 43.33 95.68 29.19 4.17 40.99 28.93 65.78
6.32 18.96 36.66 17.83 81.08 82.85 52.75 82.87 23.58 82.02
18.25 80.67 71.3 71.23 18.66 67.52 63.8 76.42 1.56 22.08
64.69 10.45 19.6 38.31 2.14 79.54 13.64 12.75 74.04 4.72
21.53 63.44 18.77 16.16 82.55 59.55 80.66 48.99 16.69 39.33
26.53 77.17 4.37 7.94 20.92 58.59 13.35 50.74 27.11 60.09
70.93 72.4 96.87 92.87 81.76 42.02 9.91 14.29 46.41 59.12
44.64 49.8 53.46 65.36 0.87 1.83 66.22 50.64 71.62 82.26
66.13 89.34 43.23 69.29 78.61 27.49 6.83 8.45 72.54 12.17
6.83 96.75 97.8 0.77 75.35 10.13 11.87 69.07 99.96 45.24
27.5 94.28 75.24 35.66 39.04 99.76 22.15 70.77 12.87 69.76
6.2 97.13 11.89 37.77 85.61 49.19 84.41 90.92 83.83 27.61
2.38 87.57 49.93 65.84 25.78 75.29 39.42 43.27 48.73 23.39
97.81 67.06 82.59 67.76 99.21 44.15 76.27 37.61 23.97 59.39
39.86 2.09 93.77 13.52 65.4 4.56 48.14 87.66 29.69 17.99
8.47 11.36 9.66 27.73 30.56 16.08 90.61 42.9 2.43 6.45
4.1 40.9 94.57 15.96 57.2 7.95 68.62 73.25 8.44 37.23
68.64 1.04 29.03 84.04 79.37 67.52 66.42 96.97 90.91 41.74
69.89 18.06 83.71 77.37 12.56 70.82 16.17 65.48 20.22 1.76
51.83 74.64 18.07 0.23 63.92 25.16 33.65 11.43 9.64 71.06
45.53 44.29 45.69 98.37 54.38 75.53 37.47 89.92 10.7 9.65
1.19 93.11 97.25 85.6 58.92 31.8 2.19 97.72 73.72 1.31
34.69 28.93 21.46 45.19 42.06 39.72 17.47 97.13 41.78 36.66
