60.18 50.23 49.44 38.72 99.59 83.55 82.49 32.87 64.81 65
82.91 34.83 21.16 7.45 0.44 11.32 32.19 74.29 12.56 44.22
51.45 0.6 1.58 23.6 67.92 20.84 40.55 52.23 77.6 16.63
18.26 83.87 93.13 1.04 55.32 66.97 97.8 87 84.14 94.67
87.91 22.35 19.11 41.58 94.8 77.42 49.55 64.18 28.68 52.6
15.64 41.83 20.32 79.12 6.17 64.46 85.84 3.97 2.6 33.41
39.74 64.13 50.32 41.36 4.69 8.85 51.94 93.08 53.82 30.77
40.47 27.01 68.03 13.44 90.55 5.47 42.26 51.67 19.28 65.6
14.37 18.5 50.14 56.21 33.44 34.97 59.22 1.5 88.66 88.88
28.25 38.35 91.43 92.74 94.22 86.97 91.57 86.87 53.94 27.36
