60.18 50.23 49.44 38.72 99.59 83.55 82.49 32.87 64.81 65
82.91 34.83 21.16 7.45 0.44 11.32 32.19 74.29 12.56 44.22
51.45 0.6 1.58 23.6 67.92 20.84 40.55 52.23 77.6 16.63
18.26 83.87 93.13 1.04 55.32 66.97 97.8 87 84.14 94.67
87.91 22.35 19.11 41.58 94.8 77.42 49.55 64.18 28.68 52.6
15.64 41.83 20.32 79.12 6.17 64.46 85.84 3.97 2.6 33.41
39.74 64.13 50.32 41.36 4.69 8.85 51.94 93.08 53.82 30.77
40.47 27.01 68.03 13.44 90.55 5.47 42.26 51.67 19.28 65.6
14.37 18.5 50.14 56.21 33.44 34.97 59.22 1.5 88.66 88.88
28.25 38.35 91.43 92.74 94.22 86.97 91.57 86.87 53.94 27.36
57.01 1.05 30.27 30.77 46.05 8.27 86.11 14.11 93.4 50.27
20.58 26.22 73.17 53.06 61.11 78.81 60 87.13 41.15 9.36
51.33 4.94 45.26 27.28 23.15 19.19 37.1 13.58 90.96 94.7
36.77 53.09 11.77 94.22 46.26 82.04 58.68 6.29 83.15 28.07
10.04 31.23 16.74 76.52 50.93 22.1 54.37 12.41 11.93 81.74
29.31 82.53 44.67 38.62 69.87 88.76 23.45 15.07 35.35 61.59
18.95 66.01 8.97 81.87 37.54 89.25 78.13 21.36 66.17 70.3
9.12 91.57 96.75 90.46 84.95 66.82 61.65 27.14 85.86 32.79
33.15 85.92 53.38 79.95 1.38 67.45 96.09 95.03 40.59 45.27
14.66 35.88 15.14 80.89 29.21 81.3 85.75 3.01 57.15 26.11
35.33 64.85 24.57 49.51 0.81 51.09 71.69 28.89 98.21 26.83
99.98 71.69 93.34 38.64 1.61 52.76 66.99 87.66 78.71 18.97
10.15 1.87 42.29 33.49 25.69 21.17 44.58 47.3 78.25 34.94
11.56 21.15 28.77 28.59 23.18 30.43 73.82 29.51 20.4 25.03
77.01 26.21 18.87 89.21 11.14 27.49 86.87 71.9 21.26 52.62
50.3 34.1 10.46 70.22 37.86 15.95 64.91 87.42 7.66 4.11
41.2 50.1 66.57 68.18 88.04 74.23 31.76 8.19 37.77 24.69
16.13 43.65 93.32 93.67 70.15 73.73 75.58 39.6 19 17.47
67.46 34.41 4.21 25.3 51.84 35.21 79.53 36.92 81.37 26.6
4.12 31.97 26.52 40.71 88.97 76.38 78.17 5.54 10.22 95.66
2.04 90.46 68.55 76.04 93.63 82.42 97.57 97.35 90.76 55.37
21.77 44.73 60.09 23.82 11.56 78.1 87.33 74.99 25.44 42.25
91.8 59.74 97.4 39.44 62.77 92.29 87.16 36.41 15.39 55.71
68.56 23.31 7.97 73.96 73.58 22.58 92.59 9.01 67.3 77.42
20.42 82.39 71.25 18.1 4.81 13.42 31.95 50.96 57.33 50.29
47.69 42.27 91.78 9.64 84.07 35.73 21.23 17.57 94.19 14.1
22.51 76.67 32.94 88.36 39.65 77.16 7.15 58.89 66.73 19.45
6.29 14.98 15.69 93.87 29.76 21.81 3.15 69.84 2.75 41.41
17.27 59.74 87.64 94.8 28.11 90.16 49.16 13.7 15.89 22.55
84.69 39.77 35.13 94.42 79.61 33.28 23.88 40 3.73 41.99
60.8 6.13 46.94 94.75 98.08 45.56 56.58 4.58 90.87 78.45
66.75 92.26 26.92 56.87 55.91 39.14 26.49 44.55 27.79 39.21
65.08 12.74 30.26 8.22 78.45 81.35 45.6 28.87 19.45 12.64
77.8 76.46 70.71 52.5 82.46 46.73 93.45 31.15 35.64 7.29
99.57 98.68 99.87 57.65 99.48 33.12 15.48 17.44 80.74 7.16
88.21 61.76 57.52 42.3 71.78 6.41 45.83 11.63 73.4 29.61
0.22 0.11 30.09 31.33 71.25 99.12 11.47 12.28 42.66 54.56
64.77 90.66 84.36 64.06 38.84 64.72 97.11 17.84 60.19 25.62
63.6 86.36 31.77 86.89 41.61 92.6 64.06 85.78 81.82 50.45
38.6 18.3 55.05 0.74 85.95 40.11 88.43 77.58 10.39 78.04
57 74.58 11.1 52.21 6.93 54.51 25.81 96.57 80.04 95.28
91.54 34.79 54.33 20.02 20.63 93.06 8.46 27.56 41.89 45.29
9.87 92.46 49.92 78.38 32.51 40.05 12.34 83.86 44.09 21.25
44.1 42.01 79.75 15.61 38.7 9.3 24.81 24.02 80.7 92.34
40.53 15.27 69.63 8.25 0.37 9.32 39.36 14.77 53.53 49.02
98.64 93.02 76.94 23.33 66.16 49.3 96.2 36.83 73.18 80.41
66.63 82.2 55.23 2.83 41.55 12.3 8.61 16.09 2.06 45.32
84.24 91.78 13.52 54.85 34.53 46.07 28.06 57.22 16.35 14.81
98 24.41 79.98 56.89 53.51 30.51 89.97 98.8 24.75 37.08
46.32 12.08 80.28 86.6 19.54 15.15 15.76 54.17 95.79 46.58
43.24 92.88 22.57 62.97 93.66 12.04 12.57 12.81 14.91 68.45
2.4 39.66 39.72 76.05 45.51 56.98 44.3 3.19 18.7 22.97
56.5 80.09 89.59 81.03 88.18 34.68 45.91 61.91 35.41 68.65
99.85 66.94 14.85 59.91 42.68 57.67 90.63 84.34 54.69 48.23
61.95 11.09 9.12 8.76 46.93 8.83 79.47 77.86 94.5 66.26
65.87 73.9 0.15 4.66 19.4 53.9 16.95 0.77 48.67 54.4
48.59 48.79 6.62 7.79 79.19 69.04 69.26 28.28 29.15 62.55
25.8 1.21 49.11 82.65 53.54 25.23 47.54 93.23 7.71 23.91
28.21 29.4 22.77 31.97 41.07 70.54 4.46 44.85 99.8 77.91
75.25 4.55 90.74 87.15 9.62 91.94 22.12 33.96 60.17 55.52
93.61 20.04 43.07 12.8 79.83 54.74 41.18 37.47 12.21 82.28
53.02 8.66 3.73 93.32 86.11 78.24 90.38 92.38 27.41 49.49
10.41 33.21 78.53 7.94 12.34 97.23 60.94 6.68 36.02 70.1
6.36 48.43 11.15 85.05 9.96 43.86 8.75 89.99 27.64 60.6
43.56 39.27 52.12 20.84 64.51 5.15 41.09 5.09 35.84 95.05
95.53 10.92 84.37 80.19 72.2 88.51 23.55 19.78 9.61 59.12
9.13 11.63 4.24 27.41 13.19 6.77 82.22 19.76 69.38 52.81
73.97 55.02 86.96 65.39 94.06 13.64 71.26 69.12 50.68 22.54
90.96 13.68 30.03 36.75 25.46 34.14 47.69 98.49 4.92 33.42
29.31 20.85 8.59 66.79 83.31 2.78 84.62 33.93 29.53 2.67
91.09 54 29.68 9.45 47.45 89.05 54.11 21.69 97.52 25.16
83.27 7.3 45.92 21.31 4.42 54.43 16.3 56.74 29.56 90.75
41.35 54.72 7.65 55.65 25.02 45.57 6.23 79.26 31.59 8.52
18.54 57.61 82.13 6.11 49.73 23.97 0.47 59.6 59.87 37.89
23.35 42.62 40.38 53.68 61.26 45.85 78.46 28.18 63.06 0.71
75.5 1.87 60.42 55.11 1.5 91.75 0.28 49.02 13.4 51.49
86.04 99.75 57.48 3.4 74.24 12.74 94.53 16.27 53.45 53.61
80.54 81.19 80.05 64.95 84.34 67.38 57.23 80.82 8.88 42.1
50.78 75.87 76.29 96.72 4.78 43.96 64.7 77.22 27.39 7.61
6.01 80.84 39.55 70.09 79.23 6.34 78.06 6.95 29.91 70.73
1.2 85.56 99.25 45.75 22.4 26.63 55.22 54.71 96.78 2.32
77.03 17.05 88.02 10.81 0.52 40.82 76.74 68.54 48.06 96.96
22.92 42.87 46.06 46.25 43.41 9.23 58.28 24.93 0.09 12.79
54.84 89.36 81.25 7.84 79.12 90.2 11.76 63.89 26.22 50.31
74.89 68.96 78.19 21.45 34.53 52.79 77.52 55.69 93.68 3.34
16.28 83.36 37.66 78.07 17.95 65.74 91.62 27.81 38.38 9.79
81.03 28.45 29.06 85.53 18.46 0.05 69.49 37.68 22.31 87.06
75.98 72.5 29.22 5.01 76.93 88.17 28.96 6.21 69.79 91.17
87.98 43.79 31.07 77.94 62.91 82.9 66.89 74.89 37.86 8.3
60.25 20.7 2.1 81.5 17.79 73.23 97.39 35.09 16.7 31.14
