61.61 64.33 45.36 40.81 50.48 72.91 13.56 55.59 20.95 81.29
17.84 54.21 31.86 78.88 62.27 75.76 35.63 17.07 35.04 9.31
59.07 58.61 26.83 33.22 39.63 71.51 13.59 92.57 86.98 38.7
27.96 8.99 96.87 48.64 92.23 11.91 19.29 8.49 5.15 34.4
50.69 36.09 72.31 47.65 94.32 81.52 27.83 26.24 78.05 53.02
7.67 22.82 41.61 30.12 57.81 69.19 37.9 22.14 48.55 91.42
15.73 94.77 31.65 39.16 7.27 55.04 74.96 90.65 41.02 79.23
15.71 72.11 83.91 84.59 39.45 72.66 93.39 52.56 15.12 30.92
4.3 25.96 76.2 4.81 88.63 26.11 27.66 17.69 0.5 7.95
87.26 83.33 46.1 82.14 45.43 44.04 27.79 60.54 78.26 21.75
