61.61 64.33 45.36 40.81 50.48 72.91 13.56 55.59 20.95 81.29
17.84 54.21 31.86 78.88 62.27 75.76 35.63 17.07 35.04 9.31
59.07 58.61 26.83 33.22 39.63 71.51 13.59 92.57 86.98 38.7
27.96 8.99 96.87 48.64 92.23 11.91 19.29 8.49 5.15 34.4
50.69 36.09 72.31 47.65 94.32 81.52 27.83 26.24 78.05 53.02
7.67 22.82 41.61 30.12 57.81 69.19 37.9 22.14 48.55 91.42
15.73 94.77 31.65 39.16 7.27 55.04 74.96 90.65 41.02 79.23
15.71 72.11 83.91 84.59 39.45 72.66 93.39 52.56 15.12 30.92
4.3 25.96 76.2 4.81 88.63 26.11 27.66 17.69 0.5 7.95
87.26 83.33 46.1 82.14 45.43 44.04 27.79 60.54 78.26 21.75
69.66 15.77 18.3 59.19 14.14 66.53 20.31 29.49 27.24 79.42
16.04 29.86 93.02 81.89 46.14 92.96 52.05 45.07 12.13 61.05
45.42 18.46 77.01 42.3 93.37 2.99 83.13 36.35 80.73 63.17
56.14 52.81 55.07 67.48 91.4 59.08 39.22 76.58 19.12 65.9
45.22 23.62 83.33 74.51 10.2 60.1 19.97 6.39 7.3 14.91
92.42 54.53 61.08 8.78 17.38 6.82 68.65 22.81 36.35 95.52
75.77 88.11 59.55 68.23 98.27 30.12 46.59 46.57 55.07 47.28
47.8 66.45 47.91 93.09 30.51 33.92 9.21 27.07 14.09 22.46
8.71 26.92 10.54 9.42 67.86 16.6 77.27 35.19 34.28 36.59
29.82 46.29 82.29 70.8 53.37 44.57 6.87 28.88 0.93 97.12
61.93 76.8 32.2 80.19 87.05 14.47 48.84 43.83 30.78 87.19
52.59 16.93 34.12 57.17 13.92 93.01 28.89 17.51 67.16 22.54
3.76 13.35 76.72 97.05 40.04 12.29 27.12 95.19 56.63 7.69
32.25 14.48 30.43 90.49 95.11 3.66 10.25 16.15 62.74 12.98
58.32 82.79 62.74 68.45 40.25 45.12 83.13 45.52 66.97 14.32
39.11 83.84 41.82 13.17 12.68 56.84 20.77 68.5 11.93 8.66
29.87 1.5 23.84 30.74 90.9 23.95 45.57 97.92 43.99 72.94
2.05 23.03 7.3 66.42 79.5 20.12 79.66 31.94 48.79 90.89
19.93 3.11 97.54 26.19 64.38 25.58 61.75 18.39 38.97 33.26
63.55 82.64 4.74 30.08 64.4 61.64 33.34 6.08 0.31 60.79
21.31 33.71 29.71 22.4 63.55 17.85 51.76 7.23 11.46 5.25
57.72 9.03 12.99 17.87 60.77 93.53 83.19 31.14 53.47 19.68
96.48 10.66 51.67 6.98 65.98 4.23 48.11 23.59 45.83 20.62
62.28 9.97 43.4 66.07 41.82 49.4 17.22 65.48 69.99 74.19
90.62 71.37 62.15 52.81 86.37 64.45 16.38 49.61 16.59 39.84
50.47 10.08 82.5 87.33 15.23 19.05 94.13 53.46 57.61 5.95
48.45 6.21 3.72 55.29 62.68 67.05 67.57 9.06 56.56 9.54
49.32 12.9 23.3 93.73 64.41 31.13 40 97.32 76.63 50.34
34.08 52.73 93.15 94.95 45.9 87.84 17.85 65.31 20.96 92.09
25.61 64.8 20.96 22.46 93.84 98.75 10.41 24.74 13.93 79.4
74.13 15.87 74.13 35.14 22.22 26.82 82.97 8.86 16.52 98.17
67.67 43.82 28.71 0.28 82.72 24.94 5.98 19.3 64.73 12.1
84.79 42.45 45.63 73.83 13.51 83.84 71.11 79.14 96.76 1.3
20.97 39.05 32.89 15.93 70.44 89.45 68.26 71.52 86.39 6.88
45.93 14.27 12.63 87.24 17.04 4.02 25.81 34.35 41.68 54.44
2.65 90.21 92.09 11.66 44.31 90.38 63.63 59.73 43.29 55.12
72.37 60.64 17.25 50.33 55.47 40.65 61.2 61.21 48.85 30.46
4.03 63.67 45.58 47.79 3.9 13 66.83 87.22 89.86 13.52
19.33 93.17 3.07 50.27 0.56 97.87 26.06 0.15 40.84 12.74
87.42 77.48 22.11 85.41 53.74 3.88 51.89 14.3 10.98 10.97
47.29 52.68 70.7 12.11 92.53 38.8 30.84 17.98 80.07 19.57
20.08 25.71 20.29 1.03 79.02 7.42 2.1 45.65 56.07 72.48
12.74 15.77 49.83 89.18 54.4 4.64 42.18 18.66 47.17 43.65
8.97 36.08 53.4 33.63 54.31 2.68 6.52 37.63 96.73 8.18
71.58 44.82 67.1 45.58 13.27 53.75 40.51 41.25 56.8 56.68
4.98 94.35 23.56 68.9 73.79 42.3 28.82 49.14 82.83 41.95
81.4 18.09 30.61 53.76 25.19 42.83 28.23 41.86 22.36 4.84
29.5 92.48 18.06 53.15 70.04 20.72 82.05 9.67 11.45 51.2
3.62 68.31 48.87 91.75 15.64 65.49 44.19 64.13 56.18 96.1
70.65 77.04 54.34 20.24 31.35 90.32 82.58 96.19 26.61 19.82
34.53 83.54 98.66 88.88 36.72 81.09 45.79 82.4 42.37 37.35
68.08 1.19 77.35 47.34 24.63 91.32 90.96 53.77 15.18 46.41
43.12 69.13 16.75 0.15 80.79 32.26 52.86 19.6 58.28 83.72
33.69 27.34 24.86 82.46 70.7 79.87 6.67 39.3 16.66 7.2
8.08 43.27 0.56 19.62 19.37 6.98 2.26 20.33 11.21 19.9
37.88 17.71 30.52 38.22 65.37 98.89 90.58 1.93 33.78 7.6
19.27 41.82 49.87 55.87 17.93 37.51 53.68 95.43 2.89 12.5
93.45 10.71 25.02 16.45 96.02 82.41 94.54 6.83 74.14 17.44
36.15 60.29 5.01 26.43 55.09 75.14 83.15 61.51 73.24 14.9
9.71 84.8 56.01 80.95 25.64 8.22 70.28 5.58 52.67 30.05
68.48 4.12 9.36 9.17 54.07 83.88 83.17 2.28 46.63 8.24
76.53 66.56 2.17 53.9 33.94 85.46 77.08 98.05 52.9 4.55
5.65 11.75 57.86 18.49 10.19 58.02 16.91 60.13 81.2 43.06
41.96 42.7 36.18 19.37 13.76 19.46 15.78 27.38 15.38 28.75
87.56 91.3 68.06 62.97 43.77 17.6 55.94 55.18 63.29 43.82
35.17 72.91 62.77 43.28 52.38 51.13 74.69 76.29 95.76 43.38
65.01 71.96 37.49 84.48 79.17 9.85 61.44 14.46 1.12 94.4
59.92 14.22 63.49 10.16 23.54 2.59 27.41 6.2 71.57 5.13
76.36 51.1 51.32 95.13 68.52 25.89 9.03 62.01 65.9 40.81
56.68 18.03 95.7 96.83 79.81 26.37 77.22 73.55 57.29 23.05
33.05 14.93 8.71 20.22 16.41 37.71 67.83 81.98 6.94 74.01
33.72 24.65 57.81 32.6 0.48 45.07 44.9 30.85 12.86 67.21
79.12 75.33 10.3 72.5 62.33 87.85 23.4 20.75 5.92 82.55
94.66 2.43 49.57 56.89 22.95 0.41 67.22 76.27 58.95 9.07
6.6 96.32 53.82 39.92 72.68 92.09 87.2 35.6 1.26 95.04
1.22 85.7 5.45 77.7 61.98 51.18 13.6 42.35 75.06 50.6
47.45 55.35 72.35 82.77 3.72 43.1 50.09 72.97 32.62 19.19
15.7 37.04 54.95 30.96 23.31 79.97 37.2 62.77 32.2 52.55
6.65 54.87 42.36 90.18 70.26 19.83 88.6 26.78 40.96 50.99
0.16 80.31 52.11 84.48 22.28 5.57 35.9 61.93 17.56 75.88
35.9 16.95 34.63 58.14 78.62 90.66 19.88 99.92 46.5 96.55
78.6 10.1 45.15 95.38 12.18 28.59 39.39 92.37 61.77 72.68
23.21 31.61 16.38 94.12 4.47 8.93 9.5 13 73.86 56.69
39.04 39.32 96.18 55.72 45.42 82.22 36.26 81.42 73.51 85.44
19.22 19.43 30.33 78.4 15.88 28.8 72.86 13.31 12.92 87.71
69.25 45.91 26.51 95.32 38.34 40.75 12.61 41.71 21.44 75.55
60.41 36.24 8.22 30.23 11.45 78.78 38.55 30.46 73.88 36.43
72.79 75.99 69.84 3.82 24.42 28.25 77.63 77.62 11.19 21.24
14.44 16.98 48.86 31.83 4.37 80.45 39.26 61.07 52.77 14.61
17.06 19.68 98.03 92.02 77.33 63.11 30.93 20.44 54.59 80.08
