28.38 70.91 64.18 99.51 10.77 60.78 93.49 91.81 16.02 41.23
20.71 53.54 39.79 37.86 36.09 41.05 72.62 70.61 53.86 14.87
14.79 84.41 82.8 5.09 49.02 25.13 5.22 28.47 25.48 34.13
36.33 10.6 17.68 23.72 24.27 12 82.29 21.1 69.22 9.58
96.86 1.33 10.93 11.14 71.64 15.4 95.34 71.02 41.67 55.53
71.4 82.99 29.16 19.03 82.33 5.06 5.5 36.23 14.95 60.99
15.28 38.8 43.5 64.3 74.58 46.52 74.73 75.61 65.86 8.77
4.5 22.17 94.36 97.35 14.19 7.4 98.85 72.8 94.06 83.83
75.33 34.94 2.07 0.35 63.79 88.88 3.37 35.73 67.33 49.68
17.74 69.18 47.36 38.23 47.96 4.56 8.93 85.46 25.08 77.63
