23.23 62.64 12.89 87.15 32.51 69.1 90.81 31.55 71.52 93.84
66.95 14.32 19.92 91.02 67.78 8.35 48.94 68.72 18.48 87.53
63.17 25.96 30.51 11.23 41.1 89.01 20.53 68.39 12.28 31.66
3.7 0.07 34.46 24.8 17.42 64.81 13.17 16.97 99.75 97.83
94.86 63.66 41.95 74.8 65.38 56.01 82.29 18.71 27.72 17.66
66.68 71.3 24.83 54.19 22.04 75.66 21.53 43.74 4.49 77.04
26.51 50.52 59.21 35.11 96.18 26.38 3.38 20.57 96.8 3.9
13.56 34.11 49.83 69.16 84.32 65.33 2.79 94.42 39.46 44.6
23.11 48.62 34.9 30.66 18.78 36.09 51.77 89.47 27.86 26.19
29.14 9.06 57.53 81.53 18.23 44.12 48.62 28.58 86.06 90.5
46.38 84.55 50.27 89.73 25.63 96.97 60.71 23.25 40.41 8.07
94.25 75.39 82.87 83.27 23.09 47.75 52.8 68.69 21.22 47
48.34 91.95 9.61 84.03 39.19 77.44 10.74 35.98 19.39 58.19
94.65 2.86 31.41 42.97 22.57 87.02 71.14 71.66 7.03 22.74
37.65 11.29 79.39 39.46 86.75 25.86 45.06 96.91 2.79 12.4
65.04 53.92 30.89 6.86 2.6 58.37 56.53 48.07 55.24 47.88
51.13 24.58 82.99 5.72 17.26 54.31 59.36 59.67 5.63 0.34
28.48 2.42 49.82 54.07 88.39 65.86 84.93 90.87 94.67 72.29
78.92 12.42 50.98 16.55 55.43 47.02 34.13 8.3 18.11 94.3
92.6 73.04 18.48 19.66 1.88 11.64 75.85 40.06 67.27 14.3
8.07 28.06 71.87 20.79 66.43 15.85 47.89 56.6 87.23 3.01
24.31 32.53 59.51 49.62 24.56 97.21 99.96 98.72 82.51 19.2
83.68 18.78 79.87 32.97 66.47 73.28 43.73 97.66 74.94 78.89
58.38 13.57 44.78 10.1 36.31 0.79 45.15 94.81 62.3 25.02
18.54 97.25 66.39 73.07 29.43 6.64 19.78 58.86 74.47 86.23
56.95 51.62 36.53 42.87 24.15 77.51 99.84 53.2 70.21 60.66
61.16 85.1 33.26 3.78 24.8 84.29 7.16 57.56 22.55 90.85
24.49 12.82 63.42 91.1 11.86 64.55 97.1 95.58 20.73 20.46
4.01 88.64 46.64 2.92 94.19 17.36 21.07 84.82 10.65 82.05
12.29 34.32 4.69 2.45 14.86 76.55 61.49 98.71 66.75 98.37
58.72 94.93 49.74 62.3 49.14 67.69 59.36 86.73 22.1 64.17
99.96 56.97 73.3 23.02 10.06 34.93 14.63 56.41 43.96 89.07
33.71 20.39 42.52 27.52 26.87 21.11 69.98 7.14 38.6 39.37
22.03 94.98 20.27 27.46 69.5 44.12 90.35 65.01 38.41 39.21
59.88 17.32 7.8 43.99 65.14 16.63 91.94 84.71 62.44 3.64
99.32 52.72 91.17 11.35 13.46 2.9 27.95 33 87.82 99.17
54.94 2.51 66.2 11.31 42.03 55.23 92.96 84.91 61.38 58.99
30.86 86.07 0.12 6.29 99.99 85.45 38.97 34.67 89.3 70.73
25.69 49.02 99.06 66.58 9.53 91.33 8.55 53.66 4.01 93.39
90.71 84.55 68.99 39.25 17.1 31.12 93.02 63.78 34.76 67.31
79.25 35.79 87.82 11.24 28.34 45.72 20.79 41.25 24.62 69.56
40.81 31.31 43.65 28.98 15.9 49.78 68.69 68.56 18.92 26.77
30 87.01 89.45 51.2 98.91 66.29 89.54 47.29 10.46 12.68
25.7 74.6 20.68 64.12 29.7 7.74 8.93 62.74 19.88 27.32
11.63 6.95 54.36 96.94 34.49 26.3 0.33 77.42 25.23 72.25
94.24 16.69 32.1 72.65 72.58 15.36 33.26 10.62 84.55 0.22
82.73 90.99 63.63 46.06 5.13 50.62 18.48 71.5 2.14 20.15
69.32 32.55 59.9 87.42 62.53 17.92 39.89 25.54 91.3 25.27
50.73 14.16 8.83 82.39 59.97 0.16 6.44 66.23 20.27 54.06
55.5 67.11 32.48 23.43 17.9 21.61 11.71 12.18 85.46 79.89
19.42 10.18 12.73 57.16 6 17.13 56.43 26.02 97.37 29.99
22.49 25.1 59.52 88.59 6.3 30.36 42.18 21.14 73.5 32.05
95.56 44.06 97.34 0.37 22.82 19.52 52.6 97.17 34.57 75.92
14.24 30.09 6.42 43.8 16.11 46.69 84.56 29.44 34.86 55.88
78.69 44.69 26.79 36.98 25.59 27.81 99.52 48.5 3.13 61.26
6.32 14.02 9.75 10.61 74.31 6.14 23.45 24.44 75.64 96.98
27.56 23.83 46.96 11.48 49.33 6.04 6.24 30.33 62.24 78.66
55.19 51.27 51.44 93.39 76.43 76.98 38 46.6 70.65 99.95
1.45 64.92 70.59 41.66 0.85 93.95 19.93 65.79 27.55 68.22
45.02 28.96 14.92 31.2 5.8 5.57 40.86 56.03 15.38 20.95
48.38 90.95 99.41 75.77 62.11 46.26 15.17 61.84 73.13 25.37
71.14 56.94 8.6 78.29 92.78 0.49 49.57 72.26 37.01 52.85
7.22 44.2 24.18 46.31 25.2 28.19 99.15 30.67 24.92 71.6
81.21 49.05 39.71 41.12 18.8 29.79 25.35 2.89 9.18 64.27
94.75 44.03 49.38 11.55 85.6 66.25 77.14 4.36 40.97 78.55
25.3 49.94 30.35 19.83 37.37 13.6 57.38 82.87 32.38 24.96
13.6 60.04 2.19 11.82 20.31 3.49 33.93 61.26 17.69 53.93
85.41 85.31 81.66 3.47 67.69 3.37 33.98 95.43 88.69 67.73
58.15 11.49 26.16 87.24 71.45 91.98 41.94 68.33 97.76 18.2
7.8 18.75 53.22 19.67 9.94 96.38 61.62 17.97 62.31 82.57
11.56 91.77 3.94 54.32 27.7 87.12 40.72 25.78 89.5 51.2
42.57 16.46 88.57 52.26 77.92 31.69 73.15 48.57 73.01 59.39
64.67 50.43 69.33 34.52 41.3 22.88 13.81 56.57 50.12 34.73
7.7 42.91 47.51 27.54 30.29 56.66 58.7 60.99 97.01 19.65
56.08 20.67 70.06 77.01 62.37 64.62 88.16 25.47 12.32 23.94
98.83 80.95 74.51 50.68 85.54 31.55 43.52 43.84 28.61 19.19
31.96 86.48 53.87 66.7 55.69 1.8 63.11 78.33 70.92 73.63
6.75 73.38 16.51 82.01 52.5 48.84 24.75 77.94 6.11 64.49
89.37 81.83 48.43 10.84 75.68 0.3 11.21 88.96 32.11 47.74
57.6 39.36 23.71 43.87 98.49 59.77 34.43 18.46 6.47 61.33
92.58 66.89 20.07 84.49 4.8 70.5 59.75 42.73 8.29 4.14
77.9 47.55 72.87 77.04 56.29 55.21 3.94 90.9 25.81 78.03
2.84 29.23 81.84 28.2 1.61 60.09 80.84 75.48 5.57 10.89
97.58 75.98 94.65 37.49 73.39 14.98 6.16 84.77 84.05 70.14
77.53 37.69 18.99 82.57 93.27 93.82 6.98 76.24 37.76 51.99
78.03 6.84 30.35 73.98 15.49 97.47 73.9 26.27 20.21 59.35
97.51 86.52 79.06 48.6 35.45 92.38 0.06 74.37 56.97 25.23
61.46 98.5 22.81 11 14.09 97.31 21.56 79.76 28.89 36.72
15.31 23.34 13.57 58.67 12.8 97.12 78.14 42.62 46.9 88.41
66.74 93.7 34.48 16.16 26.69 6.15 88.33 48.77 75.04 36.67
17.15 94.03 22.8 95.89 83.39 22.06 44.89 56.33 90.6 39.6
0.5 27.77 89.79 71.91 92.02 70.57 44.19 32.48 50.19 87.39
86.6 85.78 50.62 80.69 19.62 27.72 77.03 3.92 30.99 61.77
25.62 40.34 97.84 56.7 42.7 14.06 24.32 40.72 6.98 99.39
1.45 69.07 5.73 24.18 1.76 85.61 69.94 10.12 80.43 60.31
17.48 0.84 18.7 84.87 43.58 14.64 7.23 67.85 16.71 8.53
94.53 41.39 37.63 16.03 89.02 35.87 45.89 77.75 14.95 57.78
20.6 75.37 78.65 65.71 89.31 73.73 6.82 7.24 73.18 98.69
45.62 34.93 43.62 46.39 11.58 17.75 86.68 54.35 75.16 29.59
93.17 4.24 31.36 63.22 49.24 14.23 48.86 45.23 90.2 95.35
