31.49 74.35 39.08 76.79 2.48 69.08 49.35 22.27 4.6 74.49
88.08 51.76 0.98 3.4 81.92 27.89 73.87 5.53 14.18 5.54
9.81 39.56 36.69 24.72 24.1 43.21 42.82 74.47 20.41 97.32
33.74 48.34 61.05 38.98 19.46 56.54 35.63 83.99 9.85 55.15
35.04 70.89 6.1 38.9 59.47 63.57 51.27 87.36 13.84 69.37
93.25 21.69 8.6 5.22 46.53 0.33 22.07 22.31 22.98 72.15
18 78.93 73.48 81.79 45.19 10.44 72.12 85.69 17.37 13.62
67.93 16.46 29.35 66.71 57.22 77.3 46.4 74.73 31.01 59.51
67.29 82.81 10.4 30.82 57.78 76.53 24.38 0.07 73.87 16.55
10.84 65.93 41.98 13.98 4.12 99.62 77.1 52.67 87.21 58.72
56.89 39.99 8.61 82.1 14.02 26.03 31.12 62.89 17.54 96.17
63.62 54.18 58.96 47.37 9.06 22.9 69.26 16.61 52.07 4.99
90.62 91.45 57.83 38.79 14.69 34.38 84.15 80.66 74.63 21.74
6.11 61.16 24.19 90.37 65.9 10.55 40.16 5.1 85.63 48.71
89.44 60.11 95.89 19.12 27.48 73.69 73.17 62.04 88.09 27.63
26.5 6.36 35.77 93.98 11.25 75.42 91.56 0.37 87.09 41.61
24.89 10.53 66 80.29 67.04 48.04 44.2 25.9 0.5 52.3
12.85 23.47 11.78 54.8 0.39 12.33 53.1 92.25 48.55 3.34
20.09 73.97 31.89 5.71 58.99 18.6 24.92 79.29 88.84 0.51
46.13 9.43 56.6 14.81 82.97 22.1 38.62 79.96 90.62 7.11
12.38 8.2 45.32 33.01 12.01 96.81 26.32 2.07 40.68 25.69
76.89 59.04 48.88 14.45 95.21 59.43 89.96 79.64 93.18 83.26
0.52 7.04 37.21 38.29 23.12 56.4 51.98 94.36 80.64 98.37
28.94 71.05 7.1 50.17 49.85 41.9 6.04 86.36 93.28 39.11
64.4 88.81 95.71 4.75 63.5 80.81 75.42 17.21 16.93 72.87
72.25 11.25 81.4 20.52 95.91 3.31 19.42 87.71 63.83 51.22
12.51 54.55 80.98 17.17 12.9 30.75 89.08 61.1 4.51 68.99
8.23 12.2 40.02 5.54 76.76 45.51 13.77 5.47 74.19 11.29
52.77 96.92 14.21 33.59 64.04 86.79 45.2 34.48 82.05 42.58
60.51 93.25 59.13 17.38 0.59 82.82 99.6 11.64 32.21 75.64
17.27 73.89 93.16 47.96 80.25 2.66 59.98 5.07 82.67 4.5
52.9 28.78 7.32 31.86 22.36 77.72 41.81 63.05 78.44 72.05
99.89 2.38 35.24 67.41 6.17 22.46 12.01 15.61 89.38 18.99
16.6 44.65 21.19 13.93 74.41 0.23 67.09 16.11 19.51 8.96
30.91 94.61 15.61 22.4 32.03 5.31 23.49 34.43 85.82 62.5
20.99 66.49 20.39 85.25 87.76 50.09 44.75 23 43.8 18.01
90.63 54.15 86.16 73.65 81.63 19.61 76.36 88.46 24.14 73.95
97.68 73.73 52.34 48.54 98.41 82.81 47.61 9.34 23.27 23.96
55.67 98.99 85.57 78.53 70.98 29.21 58.32 8.73 99.12 28.18
22.59 13.47 8.72 27.62 80.66 14.55 24.76 60.44 10.78 14.65
71.97 68.76 15.69 17.71 1.59 67.32 7.78 27.82 44.06 28.18
6.27 29.93 61.05 59.3 27.61 6.8 20.7 64.4 21.4 57.19
98.95 86.25 79.35 97.27 73.64 69.71 74.1 21.03 99.13 78.9
93.75 74.07 0.41 40.6 73.61 60.97 83.38 7.99 9.88 13.22
8.35 10.57 25.21 93.04 0.11 96.96 62.24 4.83 24.84 85.48
74.99 38.72 79.36 7.7 87.77 57.96 1.63 75.22 80.96 10.14
41.78 1.15 67.1 33.85 96.26 38.69 12.02 14.64 18.59 0.55
30.54 60.35 96.7 97.38 11.68 72.73 21.1 83.1 19.62 64.06
74.03 23.88 12.95 15.35 36.28 25.07 8.86 94.35 33.58 31.11
22.28 11.4 22.87 26.31 77.01 54.38 87.92 87.42 61.06 63.92
22.83 86.36 93.7 45.45 79.3 21.65 48.5 2.53 60.72 72.5
44.95 13.84 62.11 86.23 63.34 95.45 98.74 5.5 18.73 15.47
51.95 16.5 70.29 62.32 18.01 37.18 12.34 33.99 73.08 92.62
19.06 95.76 83.21 79.74 27.58 27.33 78.6 8.58 97.33 34.67
33.47 75.98 43.11 38.41 62.93 15.99 50.09 61.53 45.86 38.18
53.13 57.57 63.89 2.67 20.76 57.55 80.55 44.88 21.66 98.19
18.7 35.35 80.18 60.49 9.26 51.01 3.15 58.07 58.7 47.85
15.7 23.16 14.62 77.29 34.01 87.62 19.6 48.75 20.64 97.81
45.25 29.9 18.21 5.52 18.09 97.7 20.65 82.76 24.66 88.85
68.57 10.43 88.68 5.76 0.5 93.22 43.61 26.49 23.37 16.94
25.27 21.31 12.33 96.08 29.54 71.55 52.62 66.19 61.48 84.59
1.3 51.89 69.94 71.16 96.78 16.05 77.21 29.51 68.12 53.08
25.28 9.18 31.7 99.75 16.24 13.85 31.94 20.12 62.02 33.15
16.95 48.82 80.95 30.62 2.5 72.54 19.74 99.15 65.9 16.76
70.25 15.75 24.97 0.82 70.73 53.07 69.72 66.83 83.88 45.87
12.53 2.35 35.15 29.61 4.75 22.38 48.49 89.46 49.93 86.06
73.37 81.61 61.59 81.17 97.67 86.59 69.65 73.43 4.5 11.87
11.21 64.51 96.88 54.31 9.63 95.72 14.59 22.75 5.27 90.43
66.98 3.64 54.43 10.8 84.75 2.23 85.7 0.17 12.56 99.23
81.12 93.05 19.67 27.81 60.71 51.64 44.3 19.86 3.77 21.38
80.87 62.1 13.27 27.95 6.24 76.83 18.25 78.74 90.86 27.96
3.67 1.97 52.36 7.23 17.92 60.44 20.7 79.77 42.96 37.51
21.79 74.28 31.03 6.45 20.67 39.01 94.4 8.18 31.33 80.92
90.71 2.4 34.35 30.56 28.79 25.06 87.86 24.35 98.91 21.49
77.41 55.5 35.55 54.48 90.49 97.85 5.94 51.98 39.74 70.93
59.97 76.73 58.84 65.58 28.7 48.73 29.25 10.83 40.82 36.61
66.18 84.71 95.19 59.61 83.61 53.97 84.91 39.45 0.52 2.4
33.93 14.28 29.81 82.09 31.25 66.61 18.09 8.84 17.3 87.9
27.07 40.45 52.17 15.02 58.67 43.91 82.05 5.73 59.1 39.49
37.81 5.33 70.23 83.01 33.13 99.48 69.66 69.69 68.41 64.95
44.64 91.68 1.46 93.84 64.48 23.49 8.43 84.19 96.53 21.1
85.03 61.74 90.27 53.68 77.71 15.19 14.79 89.2 94.83 92.74
1.65 77.25 10.56 65.31 89.47 47.41 71.65 85.61 49.72 26.45
8.82 5.64 17.58 54.36 13.92 26.33 75.57 68.42 99.82 63.31
28.76 24.62 82.67 96.44 25.44 4.29 54.45 22.6 0.72 28.9
22.01 16.08 9.14 4.66 43.96 5.43 39.19 97.02 73.7 72.65
86.42 90.55 39.97 48.18 85.97 27.81 24.17 13.58 45.72 16.96
53.17 53.32 14.7 29.23 17.96 33.68 89.46 41.98 70.61 92.84
76.22 27.23 25.11 39.19 11.57 30.59 20.97 80.16 3.94 4.74
8.82 89.32 47.84 39.68 66.12 17.11 85.73 30.81 63.98 69.91
7.66 86.8 75.94 30.79 23.56 9.27 94.51 89.23 89.27 72.42
18.76 19.43 53.38 40.61 61.49 16.53 72.07 19.94 56.55 43.51
9.88 18.64 97.71 10.73 7.51 7.52 6.53 47.23 94.38 85.06
71.67 73.02 54.9 34.64 90.59 10.2 21.49 31.21 94.8 52.93
64.97 1.93 61.86 23.1 30.51 45.26 39.71 49.01 42.24 38.22
53.02 42.75 7.82 78.96 1.58 41.45 72.06 73.04 12.5 55.91
86.4 93.67 53.71 46.96 14.09 17.86 6.97 88.58 33.21 53.69
97.15 61.01 17.43 65.15 94.86 45.53 30.57 54.24 19.52 11.57
96.06 34.63 0.06 80.05 62.47 62.74 98.9 77.08 8.93 26.54
50.33 70.74 60.92 7.27 95.48 17.6 89.61 94.44 49.96 56.26
