31.49 74.35 39.08 76.79 2.48 69.08 49.35 22.27 4.6 74.49
88.08 51.76 0.98 3.4 81.92 27.89 73.87 5.53 14.18 5.54
9.81 39.56 36.69 24.72 24.1 43.21 42.82 74.47 20.41 97.32
33.74 48.34 61.05 38.98 19.46 56.54 35.63 83.99 9.85 55.15
35.04 70.89 6.1 38.9 59.47 63.57 51.27 87.36 13.84 69.37
93.25 21.69 8.6 5.22 46.53 0.33 22.07 22.31 22.98 72.15
18 78.93 73.48 81.79 45.19 10.44 72.12 85.69 17.37 13.62
67.93 16.46 29.35 66.71 57.22 77.3 46.4 74.73 31.01 59.51
67.29 82.81 10.4 30.82 57.78 76.53 24.38 0.07 73.87 16.55
10.84 65.93 41.98 13.98 4.12 99.62 77.1 52.67 87.21 58.72
