59.36 68.33 76.64 46.37 94.64 10.76 15.9 67.18 12.49 6.93
80.66 84.52 77.59 87.28 19.06 33.18 28.79 20.37 57.13 36.05
69.1 79.92 50.98 86.25 98.64 22.97 19.3 9.75 8.03 71.76
40.25 24.26 51.49 8.11 14.01 5.36 14.44 4.92 15.36 63.18
16.37 32.92 8.03 63.74 51.26 89.09 51.56 25.91 63.44 39.82
16.94 32.7 44.07 87.11 97.09 95.72 1.8 89.2 90.28 31.28
41.65 50.06 57.37 3.91 96.75 41.5 33.15 3.69 0.68 84.68
86.15 54.46 44.98 65.5 90.23 82.48 72.93 70.44 85.57 98.1
12.2 36.27 76.95 62.82 44.09 25.87 62.27 79.07 28.62 53.1
45.4 92.22 2.98 1.22 37.01 1.77 31.68 2.32 42.14 99.05
