27.65 31.22 58.26 27.43 10.2 20.78 40.56 10.54 48.15 66.9
6.11 12.19 67.19 85.65 46.6 7.84 31.68 24.72 3.25 4.46
8.06 65.14 74.61 4.28 61.52 21.24 79.38 66.38 69.65 51.5
64.59 14.16 13 67.78 14.62 85.87 41.6 98.46 17.6 1.26
77.16 11.84 55.39 18.41 17.95 8.62 13.89 58.06 82.99 2.59
28.79 82.26 40.91 59.93 74.42 42.82 75.38 80.27 95.69 92.81
62.02 36.65 88.67 2.33 19.26 12.82 25.67 56.72 12.55 65.49
2.62 1.65 14.77 22.65 98.11 60.51 12.6 39.1 83.9 90.37
45.01 49.79 58.97 29.62 18.95 85.06 36.34 41.96 56.13 77.52
37.79 88.27 92.89 20.41 91.66 57.28 86.97 15.88 80.13 11.1
36.26 64.18 16.65 30.51 75.79 81.49 8.09 98.88 24.19 18.47
31.42 17.65 44.04 80 7 22.81 95.38 1.25 15.48 35.2
68.15 67.81 6.24 9.82 39.13 54.05 73.98 87.38 45.19 99.42
54.08 30.39 22.88 18.29 4.27 8.39 8.12 88.12 74.23 76.49
78.07 7.92 27.1 43.81 56.51 7.55 84.17 48.29 37.32 33.7
1.19 30.14 25.94 61.93 50.55 13.99 46.91 81.01 31.85 47.46
28.4 24.98 10.96 33.84 51.85 71.42 61.22 74.58 75.86 81.34
45.07 46.53 41.2 88.49 48.14 2.22 47.27 2.74 6.06 2.78
81.18 44.41 23.32 25.43 77.1 43.63 18.34 22.96 31.66 64.57
95.75 49.42 48.82 71.67 73.88 23.32 44.21 14.7 34.47 70.11
10.13 0.6 11.89 27.81 5.18 22.66 22.94 0.31 31.3 91.9
30.99 20.94 87.99 42.9 18.27 76.83 2.33 8.05 16.87 96.81
5.78 77.13 64.34 40.86 79.51 57.64 8.69 10.89 17.97 48.35
77.54 54.75 13.56 85.96 97.99 66.33 75.54 48.11 20.37 8.89
39.71 1.99 4.66 47.62 32.72 3.17 45.96 3.45 60.13 95.58
68.47 78.18 95.6 38.61 15.13 98.83 26.62 74.03 68.59 46.55
88.08 92.46 56.74 90.02 83.51 61.19 97.04 73.68 27.07 67
26.61 83.55 26.02 15.98 15.45 54.93 14.95 36.03 72.86 26.18
25.13 57.98 82.82 64.57 24.38 61.09 21.47 46.77 74.08 95.63
21.82 62.87 11.1 3.91 28.01 28.47 33.5 78.38 62.39 44.03
3.86 45.97 12.92 15.58 59.92 72.81 83.78 35.88 48.22 27.46
5.95 39.97 22.06 47.65 56.96 74.49 12.38 93.45 18.65 82.19
94.28 42.52 40.94 2.65 85.2 14.79 15.41 7.46 54.82 17.91
34.77 9.45 2.29 43.82 12.51 53.38 33.48 56.73 17.39 38.42
98.37 72.59 86.41 86.19 81.07 45.31 2.96 25.92 21.44 76.73
82.43 21.34 9.7 73.82 51.94 91.24 33.17 38.6 66.55 72.37
99.54 33.16 69.94 56.91 5.03 39.19 26.74 64.06 27.26 91.03
94.45 20.69 17.46 86.39 78.97 24.92 93.12 15.36 20.27 30.14
10.35 44.13 67.45 54.53 3.62 21.61 29.79 47.29 19.41 64.08
63.27 25.65 42.14 16.51 11.02 38.96 19.33 19.84 63.52 88.82
54.95 71.94 52.79 23.41 54.55 20.6 71.87 45.67 9.97 39.8
95.69 81.01 7.19 76.38 79.54 73.85 64.77 46.29 19.85 16.63
32.97 16.73 55.57 16.21 28.63 33.34 43.84 90.73 38.73 21.06
26.63 59.91 80.3 51.69 89.95 52.91 11 2.2 4.55 84.36
5.79 95.03 3.38 27.22 53.96 7.94 3.43 90.1 42.66 19.63
82.52 10.71 49.12 86.57 72.33 11.63 99.72 5 58.57 85.26
9.06 42.59 26.37 94.37 83.23 10.86 46.15 98.07 19.03 94.94
23 67.96 43.21 47.37 87.9 10.8 44.99 76.18 92.01 60.47
64.58 3.29 10.2 68.16 95.46 83.43 93.62 81.27 56.93 25.81
15.78 22.78 73.12 48.69 68.91 44.91 93.75 86 76.68 58
90.9 71.69 69.07 52.87 90.31 2.19 70.45 0.92 16.19 55.27
4.7 16.24 63.23 81.04 10.32 48.59 13.52 9.31 50.73 68.58
62.58 56.8 35.68 52.17 59.96 51.1 11.61 21.38 74.97 86.63
68.82 42.07 80.44 35.91 80.44 14.2 75.98 37.79 97.98 87.77
72.76 83.83 52.14 18.15 87.51 98.89 60.74 66.48 14.09 30.68
98.46 8.03 56.76 48.95 53.58 94.16 95.57 70.72 63.03 24.66
23.13 33.63 52.57 69.87 83.1 44.79 56.71 56.52 51.49 88.5
21.78 61.01 89.19 20.36 40.83 34.89 81.02 14.18 43.6 91.18
60.29 78.52 42.81 35.88 12.66 64.57 19.79 35.07 30.59 48.25
10.6 57.38 95.27 20.84 45.28 71.25 18.95 30.73 65.64 47.75
11.97 16.97 8.17 75.92 9.23 15.49 11.47 47.69 3.5 40.29
83.79 13.02 73.8 3.62 68.65 62.42 36.61 94.3 71.98 99.13
29.59 16.59 65.29 40.9 70.84 25.78 51.69 58.6 21.99 35.25
26.18 85.24 2.6 14.14 38.51 98.03 18.24 28.98 45.28 1.08
20.17 18.88 93.55 21.83 56.31 48.94 56.72 16.71 40.36 57.1
79.84 93.15 54.07 73.09 61.59 98.35 73.11 26.61 19.22 9.93
78.54 75.07 36.19 57.39 74.04 26.99 81.52 47.74 81.58 23.46
57.68 13.73 73.99 36.93 72.47 28.42 95.73 94.24 66.6 29.55
68.79 0.26 11.13 6.49 34.86 7.27 40.52 71.57 47.77 57.49
99.64 58.12 61.17 48.35 17.01 9.73 37.72 30.79 20.95 11.04
23.18 15.35 32.27 6.02 68.7 48.1 7.53 43.1 4.63 11.45
9.1 78.14 72.22 27.04 37.93 94.1 44.33 73.13 11.28 4.15
1.28 53.22 15.11 1.64 39.39 28.45 41.21 78.82 38.21 29.14
27.93 84.18 63.91 23.92 14.59 44.75 41.2 23.69 28.39 41.8
37.16 47.67 46.22 86.07 61.78 41.37 2.72 65.82 7.22 72.19
89.65 86.1 0.94 4.61 75.14 66.18 7.37 25.54 32.55 47.61
25.5 53.95 33.26 45.95 21.62 5.25 35.27 15.45 6.12 74.01
52.1 10.67 44.44 3.79 35.8 23.34 26.34 75.49 35.33 69.42
6.8 42.77 14.89 26.14 36.43 58.44 76.63 43.01 45.5 14.24
93.66 0.83 27.35 65.48 38.14 13.08 11.1 24.54 42.22 77.72
38.91 82.34 27.7 73.8 46.87 28.21 42.23 61.72 87.9 73.01
25.3 90.58 6.36 87.67 5.17 62.42 41.26 89.84 3.8 61.34
58.82 89.04 67.68 69.59 60.01 79.96 48.09 57.17 33.39 77.55
23.85 92.91 20.44 32.6 74.62 54.79 78.78 61.5 81.12 91.69
1.59 95.11 49.49 42.17 83.08 1.85 46.81 51.82 43.67 46.9
55.94 5.24 49.33 36.59 87.31 31.42 45.14 14.27 39.02 15.41
41.85 41.49 19.76 41.11 37.03 20.07 72 25.87 54.48 8.68
36.24 5.48 55.64 42.05 27.51 2.68 83.47 55.47 60.37 69.95
15.74 89.04 19.69 96.72 32.96 7.99 25.76 65.59 82.21 96.65
74.23 7.56 3.77 13.38 48.43 76.47 35.8 68.35 13.98 86.49
46.85 94.65 25.57 14.06 16.05 14.69 66.31 16.18 50.94 44.78
89.93 49.53 79.63 48.68 96.72 12.66 22.58 46.54 35.11 42.43
59.11 0.62 4.34 91.31 38.74 27.07 79.53 71.88 69.32 46.32
54.41 18.64 81.1 81.07 35.27 74.78 37.31 14.57 60.23 98.6
70.55 96.56 75.4 14.31 62.95 69.57 20.73 23.21 72.67 59.98
46.31 34.02 41.54 83.39 12 6.9 52.6 91.61 6.27 57.34
67.9 61.9 17.53 25.29 24.02 21.8 13.44 2.13 23.97 99.2
18.61 59.14 51.97 46.74 90.96 34.46 81.78 68.42 23.46 81.09
90.03 75.93 86.18 86.51 28.29 2.78 5.6 77.12 48.16 25.14
73.06 98.52 78.03 95.98 87.26 8.91 39.37 90.51 20.94 18.58
