27.65 31.22 58.26 27.43 10.2 20.78 40.56 10.54 48.15 66.9
6.11 12.19 67.19 85.65 46.6 7.84 31.68 24.72 3.25 4.46
8.06 65.14 74.61 4.28 61.52 21.24 79.38 66.38 69.65 51.5
64.59 14.16 13 67.78 14.62 85.87 41.6 98.46 17.6 1.26
77.16 11.84 55.39 18.41 17.95 8.62 13.89 58.06 82.99 2.59
28.79 82.26 40.91 59.93 74.42 42.82 75.38 80.27 95.69 92.81
62.02 36.65 88.67 2.33 19.26 12.82 25.67 56.72 12.55 65.49
2.62 1.65 14.77 22.65 98.11 60.51 12.6 39.1 83.9 90.37
45.01 49.79 58.97 29.62 18.95 85.06 36.34 41.96 56.13 77.52
37.79 88.27 92.89 20.41 91.66 57.28 86.97 15.88 80.13 11.1
