21.16 53.92 81.16 26.68 22.37 32.96 50.41 44.66 66.61 44.73
95.72 64.82 36.06 20.6 12.88 67.96 72.69 8.89 44.46 10.69
0.55 13.31 64.8 17.68 32.52 32.34 64.84 29.69 86.35 22.64
47.08 15.09 16.38 40.39 4.6 78.13 42.87 94.24 90.11 0.85
32.66 55.02 57.89 60.88 31.89 37.01 13.92 2.38 4.38 36.05
67.89 2.17 8.68 71.72 43.86 91.32 1.28 30.99 72.54 57.49
54.29 20.62 75.72 5.09 25.98 32.02 33.64 49.41 66.31 31.79
17.98 3.23 27.99 18.59 19.93 5.97 0.77 67.54 55.79 9.33
27.12 51.62 35.05 40.06 89.39 55.38 85.85 55.5 54.09 31.9
37.9 46.52 63.48 41.4 23.96 89.24 72.77 76.26 80.21 69.69
70.07 67.75 32.52 10.59 13.49 51.67 15.03 71.69 99.1 52.59
82.26 67.12 21.81 39.52 37.7 58.68 32.38 60.22 51.03 73.03
46.05 23.96 93.17 37.36 91.13 7.63 61.16 52.13 23.38 4.24
88.23 95.4 28.47 33.41 11.07 0.46 38.51 98.82 19.13 22.93
24.88 69.36 5.25 55.84 2.44 67.35 54.95 19.57 24.28 63.61
33.86 36.14 65.42 7.42 2.59 80.79 83.71 6.41 24.84 69.34
11.49 20.02 99.7 48.52 12.77 7.58 26.84 96.75 2.49 5.24
67.81 24.09 45.4 42.58 98.6 85 88.46 58.71 8.65 77.5
37.97 62.73 69.31 83.47 50.52 83.15 0.8 93.21 12.35 17.03
14.44 73.6 42.31 56.02 60.94 61.29 80.51 61.2 14.95 25.15
93.35 27.49 11.72 88.2 7.93 6.07 48.94 99.81 4.73 10.16
24.96 42.18 98.66 74.64 98.89 72.4 83.49 24.98 82.11 45.91
62.07 83.26 42.19 60.98 15.75 83.67 60.98 48.52 69.21 46.69
95.63 30.06 49.1 39.74 16.54 0.15 62.95 41.2 77.16 2.59
64.64 74.27 0.44 33.5 73.14 25.49 87.66 62.03 68.91 18.13
0.54 48.08 14.89 96.36 82.27 57.01 75.57 64.33 3.92 62.93
74.93 47 51.06 85.31 96.21 10.53 79.95 38.09 96.31 66.14
55.35 14.37 31.6 14.94 46.69 37.01 25.17 61.27 79.52 57.88
44.45 76.11 80.47 19.17 94.41 56.74 4.66 5.92 87.94 98.39
25.82 67.47 73.77 98.84 14.58 28.11 38.93 70.67 42.35 90.43
52.4 46.55 79.09 2.59 29.87 86.02 7.31 65.41 4.75 47.84
41.92 11.88 36.28 13.08 78.31 33.5 21.17 84.65 75.2 53.72
52.12 86.91 33.17 7.67 55.72 14.15 60.04 25.09 14.6 17.69
86.85 72.76 72.58 57.25 67.5 64.14 89.12 8.08 68.61 97.02
69.57 87.83 65.82 77.71 48.31 99.19 20.86 86.34 12.71 20.16
21.67 9.76 83.58 59.24 64.44 11.6 80.07 13.96 23.2 61.62
21.4 22.05 0.9 21.65 22.86 20.54 18.6 59.26 72.15 2.3
4.28 92.73 8.18 3.72 48.74 0.08 62.22 5.26 11.55 44.82
28.15 12.46 39.98 95.89 92.45 0.74 0.85 28.31 3.05 94.51
35.66 24.81 35.25 82.57 14.66 73.18 83.15 95.56 81.57 77.62
74.89 35.17 20 51.34 16.83 54.79 11.72 80.83 48.17 13.44
7.28 97.01 68.19 30.61 77.24 14.27 77.39 97.41 10.94 6.35
22.5 61.16 80.21 48.19 37.49 54.03 73.33 84.38 2.65 61.26
29.15 27.63 43.33 39.9 47.21 54.2 50.31 20.16 43.95 57.5
9.45 51.18 41.55 13.56 85.89 63.48 31.78 7.21 70.15 63.57
50.64 32.22 5.54 11.43 90.87 56.32 97.98 47.25 81.79 39.49
82.89 61.08 85.24 91.77 67.31 94.96 21.66 20.6 15.74 98.79
24.24 24.7 71.73 29.58 90.61 19.98 20.52 36.75 80.8 25.04
7.93 24.9 63.23 30.29 71.62 90.36 25.14 58.55 36.64 45.97
59.95 88.37 56.26 2.94 24.96 26.59 59.08 34.82 94.17 52.37
6.48 71.08 71.87 68.14 4.54 15.77 18.06 7.4 36.01 68.26
25.02 75.19 5.7 52.37 34.71 7.54 26.41 24.43 19.43 99.92
34.17 17.65 15.1 8.03 90.52 42.27 2.33 7.37 63.98 49.98
2.88 33.92 95.9 92.63 85 30.6 99.79 22.15 74.85 49.5
65.55 68 16.35 83.83 94.57 0.6 83.08 8.85 44.88 15.33
61.33 54.93 76.75 85.72 97.24 68.82 84.31 71.34 67.18 38.84
15.88 31.55 28.68 42.93 43.59 55.85 12.99 90.56 37.88 0.17
54.68 57.87 11.62 38.16 2.57 23.51 28.07 52.56 41.37 6.29
26.61 29.2 61.98 72.11 11.33 18.9 60.69 23.6 88.6 46.84
20.54 16.76 98.67 54.33 84.45 11.95 6.12 72.96 28.71 83.63
4.65 1.89 83.21 54.36 90.62 45.35 93.34 68.56 75.86 19.54
13.03 20.59 12.83 69.01 56 91.09 62.64 69.59 57.85 7.81
95.94 73.02 70.02 38.64 57.09 66.08 25.78 56.1 36.99 20.69
11.62 64.13 91.39 24.68 28.85 15.68 71.28 48.38 11.15 12.01
30.04 13.44 78.14 71.98 13.99 85.25 12.29 80.89 88.51 73.87
73.11 22.5 95.86 90.92 91.38 20.73 41.29 70.56 95.65 56.12
3.66 67.93 9.3 32.77 94.81 60.31 47.36 56.48 91.59 25.89
40.4 20.99 98.85 57.56 14.86 90.95 37.55 65.18 40.19 1.59
79.9 40.78 78.25 23.59 19.46 33.74 39.26 81.02 6.88 55.21
24.36 75.26 25.89 48.02 3.6 92.04 0.11 18.13 81.86 29.31
75.8 65.64 33.64 64.38 40.59 20.44 33.35 1.26 32.54 88.26
83.3 70.4 5.53 7.68 15.41 77.23 94.84 26.84 47.17 56.24
97.93 80.43 57.28 87.07 9.66 14.18 16.84 35.45 70.26 35.81
90.5 96.98 0.45 2.92 50.01 2.09 2.08 82.02 86.48 53.86
44.96 53.75 53.4 40.2 50.29 23.29 58.76 15.18 19.36 15.43
72.16 84.87 80.92 34.94 27.13 75.28 13.31 56.4 77.89 13.65
45.96 90.09 63.46 77.17 11.4 37.47 44.45 68.13 52.52 22.85
86.83 37.64 62.41 97.75 96.48 20.98 49.13 26.25 97.49 24.1
31.96 26.13 67.12 51.78 38.49 18.83 26.31 33.92 9.07 84.51
22.2 12.95 11.8 2.96 16.64 25.47 96.09 61.23 23.13 70.57
4.93 51.81 61.98 51.71 69.46 76.17 26.69 13.78 42.45 77.29
8.18 0.85 68.58 60.8 19.15 88.25 3.37 49.76 17.61 67.21
38.47 72.85 98.02 32.16 19.35 24.74 14.93 7.72 11.22 30.58
98.77 19.26 94.77 6.09 54.58 5.43 19.95 9.41 37.08 49.1
31.46 99.35 10.09 7.91 34.42 13.42 11.21 71.97 96.75 12.14
95.85 17.31 67.66 15.57 15.49 78.08 91.75 17.1 21.29 55.37
10.49 21.78 24.57 87.4 18.27 6.59 39.27 46.1 9.3 10.03
71.89 76.12 50.47 54.45 26.83 62.65 31.62 87.13 49.8 54.7
89.91 35.66 98.53 53.6 4.4 43.63 80.61 14.62 46.83 14.7
86.03 99.38 89.18 20.17 43.32 5.3 32.48 47.14 61.08 75.86
85.29 10.43 54.23 18.12 11.56 5.21 80.08 20.34 76.28 32.56
75.62 89.95 42.62 78.3 22.86 38.69 25.74 7.83 22.92 24.43
18.6 52.82 91.49 36.31 39.51 14.01 10.63 94.32 44.5 77.58
52.42 7.11 54.23 24.44 75.4 89.43 15.3 70.29 51.2 91.16
9.12 37.15 97.57 22.29 92.39 9.44 81.07 17.8 50.3 23.45
6.16 64.22 18.81 5.76 90.37 0.62 23.02 45.29 88.67 49.91
22.28 3.76 77.7 17.86 2.45 41.13 5.54 89.16 84.64 41.27
81.23 50.84 12.44 35.85 3.39 25.72 9.86 43.7 72.78 18.69
49.07 25.61 62.27 37.12 92.34 20.81 95.08 9.38 70.5 58.89
90.78 41.59 39.15 32.14 71.7 68.67 2.49 41.67 21.38 79.8
