15.95 25.32 65.4 30.02 89.61 62.63 77.16 29.78 56.26 13.38
4.15 25.92 66.85 57.69 17.41 9.21 92.45 94.66 17.06 10.62
91.17 65.14 55.88 54.18 81.65 62.03 21.78 12.69 8.86 67.09
34.27 41.68 91.15 2.03 66.13 72.9 17.44 54.31 17.67 25.71
61.99 20.73 71.69 51.59 11.45 35.39 50.26 19.33 69.06 19.13
63.14 23.84 12 22.95 41.21 3.01 66.61 34.91 83.12 51.82
56.11 52.37 53.19 50.23 57.91 65.8 75.74 95.84 8.17 49.95
36.24 90.02 22.75 10.19 66.45 96.21 97.29 78.19 53.59 25.2
85.92 17.1 27.43 76.98 6.17 68.92 76.01 66.18 92.71 8.67
1.01 43.7 67.19 12.07 0.23 58.74 65.6 22.79 13.05 7.38
67.16 9.14 8.31 99.74 17.02 34.5 84.52 53.45 80.6 60.88
1.88 2.28 15.58 69.77 65.21 47.74 28.79 19.6 26.42 27.12
25.48 74.91 54.88 70.33 39.63 97.14 32.11 40.56 65.34 56.93
97.49 92.72 99.28 16.13 63.09 27.77 80.39 24.14 77.99 21.32
83.22 27.55 61.77 77.19 4.69 19.15 15.45 11.86 17.55 16.19
23.09 3.53 87.55 86.04 69.47 28.75 64.22 44.78 53.07 3.3
99.28 12.92 59.86 35.16 47.33 69.06 4.96 25.85 67.19 25.73
27.24 23.58 9.57 46.91 19.74 83.14 73.97 84.99 17.73 77.11
20.36 24.53 88.83 53.55 92.61 99.88 53.17 58.71 14.33 72.19
4.15 22.72 11.35 13.27 48.56 49.96 92.05 18.43 2.82 96.95
5.81 36.01 13.33 60.63 1.94 29.28 26.75 93.81 90.53 47.85
67.67 21.65 67.71 96.71 10.9 69.59 56.1 7.41 87.35 31.99
45.88 38.18 18.56 8.82 19.54 96.59 78.71 95.14 69.01 0.96
90.01 12.19 43.37 12.5 0.96 75.59 57.56 26.58 98.25 44.79
67.89 21.42 33.82 83.32 83.36 9.44 24.12 67.57 12.17 5.03
92.39 35.37 80.38 15.46 21.64 12.07 60.58 23.94 55.35 88.36
79.44 77.99 19.75 4.61 28.77 90.46 27.83 54.3 66.89 15.38
41.82 39.86 93.67 69.45 96.09 59.63 18.26 81.04 0.07 86.92
69.06 94.57 6.3 98.38 66.56 29.07 30.92 17.2 0.63 17.15
50.24 62.35 79.39 80.18 9.7 3.08 84.95 21.35 70.65 14.59
19.93 86.15 84.91 61.64 57.2 44.18 7.38 90.83 88.97 54.47
47.17 18.3 36.78 66.35 78.44 54.86 18.73 17.98 0.73 4.78
41.52 31.18 8.11 37.18 90.57 79.77 14.36 32.34 25.91 51.32
23.73 89.35 27.65 81.69 64.09 16.3 11.23 3.29 31.92 4.53
66.95 58.94 21.33 3.53 16.37 88.45 86.49 64.4 89.14 45.78
60.57 61.91 97.57 98.76 74.3 75.67 17.2 45.94 63.4 51.33
95.1 42.7 92.77 26.5 28.21 58.73 18.78 16.56 65.57 9.91
79.23 43.34 61.53 75.97 98.31 63.34 38.3 34.4 8.78 35.57
57.22 89.99 49.1 16.19 18.8 41.08 5.54 44.92 46.08 17.19
23.3 42.54 27 35.56 84.08 33.64 97.68 43.26 14.52 15.62
21.13 60.27 42.5 9.61 92.34 0.98 35.3 14.29 24.1 10.83
7.29 2.7 68.02 25.1 97.1 57.16 56.94 57.1 31.52 82.46
1.95 1.27 25.02 84.29 13.2 30.78 32.3 88.76 50.07 58.24
75.06 28.59 80.53 83.74 70.95 93.01 89.2 81.75 64.72 51.82
97.05 85.18 17 32.09 76.82 22.54 55.23 42.48 65.54 51.23
65.58 13.17 75.1 75.23 47.04 33.77 8.66 7.01 28.07 74.2
54.25 95.92 77.91 66.44 65.13 15.11 86.74 25.93 19.87 24.59
28.08 22.56 26.82 2.66 28.85 5.1 21.45 67.67 10.92 36.41
89.13 16.34 94.06 21.61 27.71 85.38 49.28 27.08 70.12 75.99
18.03 14.98 44.71 90.13 20.45 35.98 25.75 22.3 95.69 55.82
79.32 60.47 14.42 96.69 57.17 13.9 89.82 62.79 77.68 98.18
99.13 99.01 74.06 67.71 14.63 62.74 70.58 75 94.54 23.8
28.35 82.62 94.1 78.87 10.8 71.67 19.87 78.22 48.84 50.99
4.29 34.44 28.11 44.97 4.95 95.55 78.27 58.02 2.86 88.91
3.82 37.97 91.62 41.56 85.35 64.47 70.24 95.83 14.03 1.29
54.74 79.38 5.22 4.9 14.93 10.27 7.49 68.3 2.49 57.75
33.39 63.03 75.02 83.95 92.39 47.64 62.29 91.71 26.68 51.91
16.2 54.57 68.44 35.63 24.63 81.92 17.48 88.13 15.23 50.57
61.64 73.78 93.96 83.5 7.35 26.26 29.06 79.33 16.94 21.71
97.51 34.96 14.01 70.33 98.68 13.87 70.16 7.25 51.97 8.93
13.03 45.56 89.46 18.26 5.69 8.97 81.92 6.08 55.98 81.01
76.87 16.32 99.6 15.9 96.12 21.68 49.38 7.9 51.78 60.55
42.26 98.21 15.57 76.8 82.49 17.94 22.08 21.07 80.4 31.9
76.31 49.84 94.37 94.41 10.55 53.5 49.26 45.13 84.05 78.91
88.13 18.56 93.8 69.8 96.61 20.37 81.95 30.63 3.08 54.86
15.98 98.79 86.1 78.05 59.47 46.08 66.25 56.32 64.96 62.12
24.61 54.3 2.12 85.26 29.49 87.02 68.03 93.48 53.78 72.82
43.74 44.18 47.6 53.96 77.62 30.45 31.64 76.88 91.99 98.28
14.29 66.91 21.24 70.94 44.37 93.78 79.53 39.84 5.21 96.77
58.46 91.66 86.87 21.09 88.34 20.21 23.6 45.08 6.46 86.46
28.78 17.73 93.55 41.49 86.8 1.24 68.25 5.06 49.24 44.38
31.3 63.76 92.2 32.28 29.42 68.92 95.56 91.88 62.88 95.6
47.3 56.01 6.64 40.97 89.19 3.56 41.47 0.22 45.25 95.7
26.4 23.38 94.02 2.48 2.84 89.32 15.24 7.49 89.29 4.76
48.85 51.11 24.74 17.36 3.14 16.97 24.42 27.37 0.7 88.11
88.78 29.76 25.24 83.86 24.96 39.41 63.8 59.22 49.41 32.73
75.49 71.45 1.37 99.53 79.49 35.97 33.14 29.66 78.13 25.29
64.98 94.11 67.85 94.6 6.33 72.95 4.46 3.15 80.1 85.24
31.08 95.2 1 92.95 35.1 7.94 18.76 48.33 97.83 97.91
75.3 21.01 58.72 93.36 60.89 80.59 25.44 34.76 93.47 83.4
77.79 84.95 47.88 14.31 26.14 41.64 85.25 23.24 82.97 40.01
53.97 7.27 23.57 95.14 63.15 20.94 30.09 16.64 15.5 16.47
71.68 71.08 91.36 91.88 13.41 32.55 45.85 91.92 10.02 46.27
46.64 94.95 62.93 5.27 46.55 49.28 53.88 28.31 79.84 84.46
16.5 75.95 59.54 7.12 69.95 11.53 30.97 66.78 26.76 59.17
4.85 90.61 20.62 27.12 17.37 51 4.45 20.94 14.71 1.6
93.96 97.96 86.02 32.21 73.31 82.82 97.88 70.3 46.84 59.98
55.93 24.06 84.66 26.41 38.67 24.24 99.87 92.62 97.04 96.28
15.76 7.12 43.21 66.52 17.86 56.03 9.88 55.26 26.15 23.58
37.32 37.38 20.53 3.51 14.07 69.66 78.15 74.95 67.05 36
27.98 66.64 16.16 33 85.77 23 33.83 30.07 25.59 0.56
73.74 9.55 44.84 20.57 59.94 65.71 19.15 17.09 45.29 85.06
36.2 27.9 84.17 14.39 26.3 1.22 70.09 5.32 93.02 16.78
47.6 47.75 13.53 36.85 55.33 36.48 19.9 75.07 43.5 83.4
24.95 22.15 65.65 2.5 97.45 65.05 85.04 14.04 90.5 38.87
92.16 44.32 21.71 20.54 81.72 35.11 47.35 26.39 96.23 33.01
79.95 31.92 89.03 38.91 19.25 66.85 60.4 0.18 5.86 52.79
22.16 85.77 75.3 85.8 14.12 22.24 86.47 39.18 59.87 7.73
35.83 74.56 28.17 71.19 16.21 27.51 84.79 0.1 13.03 0.54
43.77 80.83 47.31 66.36 41.52 85.56 9.55 11.45 38.17 96.33
