25.54 52.16 47.35 97.74 62.05 37.92 34.61 21.84 41.35 91.44
82.53 2.76 0.3 85.17 50.06 4.71 22.38 54.92 30.41 16.28
73.55 65.36 25.43 40.33 37.2 26.51 34.84 24.64 33.36 85.93
1.33 27.22 49 95.87 35.58 16.15 66.36 64.58 7.03 32.08
91.21 23.45 62.64 89.84 1.78 53.12 21.14 49.04 77.49 50.87
48 5.31 94.33 2.32 66.46 12.26 10.17 64.73 8.16 45.68
30.6 84.56 31.11 37.04 76.59 22.87 76.16 77.02 83.14 40.58
49.81 86.75 45.7 4.62 10.63 10.21 9.5 11.81 40.84 23.5
91.01 52.87 65.18 42.28 60.56 13.63 69.25 56.97 35.17 67.82
40.94 10.92 61.47 4.99 65.71 66.32 44.06 80.13 93.17 51.63
