38.54 41.51 41.61 14.17 80.62 90.75 54.61 31.35 23.85 18.81
58.5 37.72 59.26 57.04 88.15 67.23 5.43 84.28 71.73 32.94
71.1 66.98 23.45 21.54 12.27 54.19 10.41 18.9 56.65 90.52
33.17 56.33 7.46 61.96 23.04 35.86 74.56 61.04 21.5 18.34
61.98 86.04 72.56 44.88 55.18 43.95 84.38 75.47 58.68 82.49
83.09 47.58 99.62 16.39 21.29 21.44 92.61 77.83 82.92 67.67
53.69 62.4 98.8 11.09 18.57 83.56 11.77 31.15 78.09 89.92
16.63 96.14 16.31 70.92 1.07 6.63 76.63 97.15 14.71 10.23
3.1 56.61 18.43 45.94 86.74 9.87 4.21 52.67 42.48 25.55
19.2 17.13 23.49 46.7 73.45 55.45 10.97 32.45 38.94 43.96
