97.42 90.16 65.06 27.44 54.53 67.79 30.37 35.41 67.86 79.99
84.11 73.24 17.57 92.5 63.47 68.54 17.93 51.94 7.12 84.34
89.67 7.47 80.38 3.7 59.4 89.7 36.54 7.75 9.53 97.79
56.4 15.35 34.01 0.4 71.04 93.72 32.33 95.31 16.12 32.54
58.43 7.35 3.89 4.99 59.07 39.93 69.33 91.26 65.5 53.88
40.88 7.74 85.35 58.14 21.66 31.69 20.44 16.53 69.91 18.09
34.01 95.5 20.08 4.77 27.07 18.39 33.17 19.55 13.51 4.83
17.83 89.81 70.52 58.14 6.32 63.85 49.5 60.58 74.13 72.21
77.73 5.37 63.32 42.59 69.74 11.95 84.05 98.41 52.8 22.19
60.7 53.01 72.89 30.13 4.81 52.47 53.3 95.87 78.09 96.23
