82.25 76.99 36.94 7.3 39.81 35.54 43.42 3.24 58.96 91.59
31.59 66.84 18.36 20.65 82.81 79.15 91.07 57.29 61.97 97.18
8.59 58.75 1.66 73.99 80.04 39.53 56.35 54.72 0.43 36.36
59 63.97 52.6 62.52 60.83 0.41 96.51 49.14 86.7 43.24
20.36 98.52 43.78 69.31 22.05 32.01 25.14 8.88 90.96 0.29
2.87 60.2 37.33 0.23 56.98 39.94 92.55 16.98 57.77 25.5
46.53 6.09 41.74 19.66 22.28 53.1 32.78 66 19.8 89.56
97.52 13.4 14.32 94.03 48.44 96.43 56.26 89.24 6.79 89.76
25.58 19.27 3.08 66.77 98.77 2.65 7.72 91.14 57.97 9.77
84.66 99.06 85.11 95.97 71.2 64.46 53.78 98.57 23.58 28.94
55.34 74 12.45 2.93 99.79 21.57 86.46 24.44 40.26 27.16
49.92 30.98 21.57 88.53 66.18 43.38 29.31 0.33 5.17 38.69
80.22 5.04 46.86 44.75 62.33 21.78 37.39 37.96 10.2 25.4
14.28 0.35 13.3 81.58 42.12 89.49 53.33 67.3 64.31 15.83
74.8 14.8 12.38 2.54 61.56 25.12 22.97 68.82 40.55 34.15
47.01 43.82 19.23 60.29 19.82 1.21 16.51 50.46 76.7 12.88
38.35 13.53 68.47 43.68 23.68 59.57 43.58 0.87 90.54 49.38
98.72 85.38 8.09 61.67 53.77 24.52 1.17 5.76 97.54 8.14
25.54 13.14 4.99 83.86 63.22 9.7 6.18 31.72 50.45 72.5
99.62 12.03 85.68 91.82 87.68 8.6 53.29 34.15 75.62 80.96
99.97 56.37 33.61 61.83 8.22 39.22 63.12 33.17 79.67 49.88
96.53 78.68 80.18 25.24 14.23 86.27 28.77 40.85 74.17 85.81
42.15 74.22 63.03 46.68 55.61 87.24 83.66 24.79 61.07 54.98
88.09 96.1 26.2 36.5 61.53 70.86 97.03 59.37 92.84 87.12
92.34 36.62 81.45 39.42 54.17 9.55 22.35 39.28 88.42 90.31
29.96 9.95 23.38 3.86 70.2 33.55 79.92 86.43 78.42 52.82
98.16 22.95 60.26 1.08 42.11 25.39 74.56 35.1 26.92 68.28
97.08 5.82 79.74 32.44 7.11 90.92 72.37 56.4 12.6 8.89
15.39 92.71 62.26 75.26 1.08 50.14 26.18 22.49 18.67 63.38
48.84 60.92 35.5 17.82 90.14 28.47 48.88 73.66 2.71 91.11
59.41 80.26 76.41 69.5 21.47 46.55 83.18 30.68 96.48 79.62
97.73 21.9 38.86 14.71 14.68 66.79 74.38 8.33 54.72 68.77
60.28 79.47 65.07 3.57 80.87 42.86 22.13 71.61 3.72 47
86.22 72.41 20.51 43.88 33.15 36.16 42.42 47.83 57.27 25.52
35.68 71.95 81.48 38.24 44.05 65.65 24.1 38.85 23.85 24.93
53.66 33.11 49.14 66.44 52.15 87.58 34.17 24.89 2.38 29.32
92.15 43.09 3.24 9.49 83.72 75.87 60.65 24.6 51.13 20.2
59.53 66.88 8.31 49.61 97.05 95.59 16.79 42.26 54.59 70.41
32.91 14.56 94.94 64.72 57.96 32.7 73.06 78.3 15.18 69.57
23.46 33.52 0.33 30 14.5 2.1 87.06 99.49 54.03 76.03
12.17 7.25 30.37 4.74 24.84 80.05 24.05 64.73 71.24 0.94
91.19 82.01 21.82 53.79 69.18 35.19 60.12 12.41 45.61 93.41
52.77 33.79 96.64 93.88 25.79 35.5 63.28 63.92 5.31 33.86
54.82 3.16 63.07 22.99 75.79 41.44 70.95 9.59 60.79 77.28
5.24 68.49 18.48 8.15 47.6 87.33 68.78 4.6 12.65 44.05
8.63 19.88 51.02 97.95 62.65 8.56 83.63 2.4 58.44 33.28
33.13 77 78.62 13.43 25.01 13.43 56.66 76.25 13.76 52.71
79.69 42.59 61.91 76.03 86.59 90.98 42.51 11.12 4.87 66.15
0.91 8.81 72.73 86.26 50.81 93.65 53.24 53.48 0.35 5.48
19.13 17.77 84.99 50.41 15.1 2.77 19.85 67.27 16.42 67.02
12.54 30.45 54.88 3.15 23.41 25.07 28.27 3.55 75.58 27.62
18.01 90.81 83.22 19.91 41.86 18.07 57.5 3.68 1.94 37.69
86.09 45.3 91.65 21.95 12.16 54.51 17.31 0.21 25.41 5.23
91.81 79.26 1.8 42.72 79.27 62.23 17.18 4.5 14.13 98.89
80.32 7.48 39.79 82.65 29.26 16.29 30.16 82.43 23.97 89.74
16.35 75.66 68.63 99.08 15.61 8.94 30.42 40.88 50.77 84.87
47.87 90.77 46.73 37.05 69.75 57.61 19.79 73.19 9.7 35.2
97.4 16.28 10.11 27.9 3.57 6.56 9.36 85.88 34.35 71.11
12.22 81.65 22.78 42.67 87.08 86.72 85.48 49.55 3.04 29.28
16.67 24.36 21.7 2.35 38.38 16.79 7.52 22.08 62.15 50.19
57.37 36.13 69.18 19.65 82.78 61.92 33.77 77.49 22.14 14.68
61.41 89.78 4.09 43.5 93.95 91.76 81.19 15.52 89.03 28.49
57.78 1.41 17.97 64.03 37.37 78.14 23.49 36.49 43.03 61.97
21.45 68.2 83.31 30.57 3.15 14.51 8.33 89.13 84.21 26.56
22.25 76.04 56.19 41.09 1.26 7.52 4.35 36.78 74.42 35.46
13.53 99.77 86.88 7.1 4.04 37.72 86.02 71.34 7.41 55.74
68.68 26.64 31.53 24.57 83.61 12.19 10.93 31.02 88.92 57.31
82.81 79.61 92.65 47.66 18.48 24.62 42.22 40.21 74.86 69.32
35.48 28.55 11.87 58.98 47.06 47.38 53.68 1.68 14.76 22.51
39.67 58.78 69.04 61.28 0.32 32.82 82.65 6.69 86.65 13.26
91.19 76.12 20.86 34.01 16.95 32.96 41.29 26.23 57.59 3.87
0.44 69.47 72.13 91.82 47.16 54.04 42.56 2.18 81.36 28.29
99.03 87.25 46.11 71.46 20.81 17.67 54.46 11.92 60.85 10.13
7.05 2.28 1.62 68.05 46.75 81.83 34.73 67.39 17.21 39.44
70.18 56.68 22.43 67.38 37.41 37.37 20.45 19.11 14.43 2.62
58.69 67.74 42.59 80.83 52.08 16.57 20.56 26.43 22.34 30.9
26.91 22.92 42.13 8.39 43.5 17.5 27.61 3.63 69.29 73.75
59.74 16.31 94.96 18.7 0.94 54.01 68.04 64.62 59.98 40.68
23.53 47.98 75.98 75.6 5.2 61.27 20.87 3.15 73.98 86.37
6.45 2.64 17.89 15.85 16.77 11.19 32.25 49.34 4.64 13.1
89.18 62.2 9.6 5.9 83.68 50.49 97.79 25.76 29.06 88.06
87.26 91.46 39.87 27.13 25.32 40.61 2.62 73.91 25.99 75.61
61.94 75.17 27.98 7.07 26.81 47.1 38.4 59.57 30.84 50.39
37.75 73.99 74.31 13.29 45.44 81.89 63.29 19.19 76.59 39.84
13.83 81.85 51.02 96.5 36.34 14.08 62.14 39.96 68.21 96.12
51.21 81.54 46.75 21.7 54.54 23.3 47.37 34.49 80.06 99.36
11.36 75.59 88.63 38.54 77.58 39.59 56.14 4.18 69.89 43.11
64.29 3.52 44.04 7.51 20.93 22.42 39.56 44.76 26.7 45.57
29.74 3.33 90.52 20.86 65.95 6.05 83.16 97.49 56.92 38.59
97.36 90.33 38.03 58.79 37.67 64.43 35.54 41.02 68.49 85.03
31.71 64.08 17.29 40.25 97.35 24.63 66.2 49.8 79.06 78.59
94.89 73.21 4.87 3 75.85 90.46 93.85 59.51 1.93 91.97
78.1 7.32 83.82 44.54 22.63 29.67 22.4 14.79 13.07 60.22
91.86 50.59 96.82 47.47 10.73 95.85 52.09 41.79 21.62 39.19
93.49 70.85 27.45 88.71 78.01 17.59 94 1.13 96.93 9.18
0.69 19.12 72.59 20.6 60.15 60.33 86.02 52.15 88.34 85.85
48.01 27.19 90.48 23.99 50.12 65.2 21.46 76.98 70.27 93.29
4.56 37.4 41.32 83.4 20.78 18.71 51.17 56.95 69.68 60.63
33.82 16.42 15.67 7.53 75.03 28.75 68.04 88.33 96.62 58.3
65.8 6.98 17.24 31.61 49.56 25.3 24 85.03 45.11 78.76
