22.94 14.04 68.69 2.65 57.8 37.43 1.84 14.75 39.49 25.16
56.96 4.4 41.83 5.96 22.58 90.3 81.25 72.49 3.46 18.52
23.83 37.23 93.87 25.94 59.29 70.73 25.15 62.17 54.57 2.65
22.43 64.52 62.13 66.26 20.93 96.71 52.53 6.95 15.34 88.79
84.92 31.11 11.35 48.82 61.97 56.83 6.31 98 22.68 84.87
2.27 19.46 85.94 6.68 39.76 89.38 70.61 87.49 83.27 65.48
60.16 49.37 79.07 99.71 82.38 92.25 90.24 62.78 61.65 65.31
72.6 24.04 80 99.02 74.9 8.31 70.85 67.42 43.8 56.21
83.29 61.46 32.41 54.36 17.53 66.12 11.52 34.07 74.02 88.33
52.84 37.16 35.47 45.3 34.32 72.65 1.05 49.54 2.93 3.82
