96.59 87.77 95.77 8.27 60.32 76.33 4.18 50.45 2.94 60.87
64.6 13.66 98.84 49.23 7.27 37.39 13.38 62.19 27.96 79.3
42.71 73.97 85.93 19.87 79.15 21.08 78.19 44.38 27.67 74.53
31.72 72.85 97.13 53.95 89.58 53.87 53.64 89.35 2.15 20.62
48.72 3 80.77 16.01 24.93 1.7 58.91 15.82 13.58 90.49
35.08 75.22 31.32 40.97 36.39 17.04 18.16 22.39 72.52 89.86
80.86 54.82 78.79 56.05 86.7 86.15 24.34 14.85 24.52 43.3
45.84 69.61 99.3 19.34 14.63 22.88 26.29 85.19 4.21 70.05
14.21 72.37 44.47 51.99 69.69 47.8 76.77 9.87 7.79 9.94
72.42 8.7 26.79 1.53 37.31 72.69 89.38 94.06 25.26 86.8
12.72 39.2 58.69 64.39 1.82 5.81 26.43 18.51 42.82 55.61
68.06 30.56 95.04 5.85 77.98 81.37 24.46 93.43 81.4 40.37
14.66 4.14 15.58 14.41 23.78 49.29 2.27 75.18 2.21 2.39
83.14 17.64 67.12 29.3 82.88 21.99 59.39 62.64 31.29 1.05
23.57 9.37 60.14 44 8.77 86.99 12.32 76.73 54.43 83.38
43.32 55.97 78.39 68.11 49.92 45.15 94.64 39.31 15.01 21.35
88.95 95.56 15.97 41.53 1.09 17.04 89.98 92.57 48.09 32.81
9.92 93.3 65.11 77.12 53.48 7.08 36.46 71.56 89.82 48.38
10.57 46.69 29.64 81.87 11.52 24.65 61.27 8.37 26.63 36.31
35.61 2.16 30.96 45.31 35.03 17.28 30.85 12.42 70.34 31.73
27.68 46.62 25.61 59.66 73.1 57.63 78.25 49.64 70.49 74.99
35.35 3.6 8.3 91.28 81.57 31.76 21.03 39.28 18.03 25.42
99.21 56.21 53.6 86.33 20.96 21.49 34.17 0.64 26.41 65.91
88.34 83.56 86.24 77.12 51.87 61.5 0.76 28.61 27.96 90.01
48.56 55.46 11.72 63.6 82.91 93.22 59.02 24.75 76.1 9.51
71.17 69.98 83.97 10.77 77.22 31.07 24.63 42.9 89.79 5.94
77.61 62.25 54.78 14.53 12.5 1.67 72.47 29.45 93.44 18.93
25.58 41.21 92.02 58.47 36.6 1.89 34.17 62.84 51.36 57.72
84.99 75.6 37.25 1.98 72.34 18.3 61.1 99.01 63.65 26.42
16.2 55.16 21.82 81.98 54.55 7.29 6.52 95.71 81.4 35.75
77.93 8.66 12.78 87.83 50.55 16.91 65.6 50.56 26.3 6.3
66.66 16.04 84.25 65.13 87.7 33.65 92.58 48.33 89.32 2.87
15.71 76.28 10.29 56.56 33.18 56.87 18.93 22.22 13.67 66.67
82.91 49.6 11.61 29.09 77.65 9.12 2.14 78.7 19.92 21.67
43.4 36.32 31.73 90.5 83.4 20.75 59.57 18.83 65.08 66.23
9.34 26.9 86.79 56.42 6.86 15.34 50.35 25.24 53.27 25.18
35.32 9.36 91.48 9.49 5.59 35.02 37.71 0.54 80.81 51.44
20.27 41.24 61.69 6.1 2.8 21.98 3.32 17.09 72.45 52.96
2.4 16.21 98.02 94.69 83.54 45.78 23.26 5.96 31.8 93.56
9.34 42.81 56.49 61.31 31.82 23.17 73.87 60.13 29.19 79.92
93.51 85.45 52.98 32.22 66.55 30.75 27.16 67.52 65.53 71.53
28.51 56.13 9.26 93.74 78.64 1.37 96.29 38.37 42.45 99.88
0.48 74.89 85.29 79.49 62.88 47.38 11.21 40.01 11.89 6.26
7.06 8.95 58.56 18.4 69.96 86.86 18.53 93.57 9.21 34.25
19.87 44.13 95.5 62.33 82.54 17.77 93.21 64.44 15.99 15.55
74.6 10.13 43.85 50.41 81.05 0.44 68.47 52.13 30.23 61.68
34.93 64.84 28.03 71.7 67.24 47.66 22.66 38.99 14.99 29.02
16.7 45.44 16.82 26.98 68.39 30.21 28.24 13.81 85.48 89.92
61.91 18.35 95.47 91.36 24.54 63.25 15.25 3.98 43.28 2.86
88.93 76.1 5.79 12.44 50.59 13.05 94.52 85.63 83.48 19.41
17.76 5.83 19.16 19.1 45.9 99.52 63.1 87.68 55.24 47.87
45.62 89.24 37.03 30.55 91.05 50.52 58.95 97.01 8.3 38.49
30.26 14.19 53.02 68.15 41.03 15.22 96.57 83.32 15.98 87.43
24.33 28.21 36.22 5.51 32.5 17.05 14.23 83.91 22.74 48.9
53.86 47.87 10.19 51.61 17.26 23.25 2.23 8.49 66.36 41.84
71.64 40.87 11.4 60.45 98.4 47.36 60.09 52.14 89.58 93.64
63.23 40.18 82.73 62.42 44.2 99.2 74.41 23.55 12.62 61.99
0.68 35.71 61.94 9.89 45.18 54.7 62.19 27.26 63.16 55.43
75.17 39.12 46.14 53.43 14 58.68 11.23 9.48 19.22 91.76
54.97 32.88 68.51 46.03 34.13 33 24.66 43.12 25.92 83.64
87.85 85.99 88.19 28.52 9.49 8.88 52.28 53.95 4.4 43.78
62.89 6.15 5.94 26.03 91.4 51.62 49.01 13.28 60.24 2.6
66.8 15.43 36.83 50.72 20.07 22.19 8.85 75.55 63.44 10.81
25.2 3.14 87.37 84.8 86.8 60.04 7.93 43.34 90.28 37.93
87.8 6.01 73.02 89.36 99.07 18.66 13.44 88.63 0.35 88.33
79.75 88.7 15.72 66.45 25.64 74.61 62.13 0.91 75.12 67.28
55.51 88.57 56.8 93.35 14.63 85.39 8.26 76.91 26.95 90.61
64.39 28.3 56.95 89.86 30.74 30.75 59.44 84.29 75.35 6.14
90.98 90.62 31.27 26.76 98.71 28.56 13.63 65.1 67.27 46.4
11.43 54.66 87.97 69.28 96.33 15.63 1.37 74.37 46.9 95.06
34.64 51.58 70.85 52.21 57.05 3.26 83.49 25.27 56.41 13.72
48.28 68.23 89.14 86.65 69.61 17.34 12.95 19.77 84.09 71.23
80.99 65.65 78.81 8.81 40.11 24.72 21.15 19.8 7.69 25.77
34.96 82.72 1.94 6.01 63.01 42.19 16.98 24.54 61.28 64.84
79.19 4.3 88.13 82.83 19.07 13.28 4.44 85.62 92.46 81.59
49.73 36.77 60.19 52.97 3.91 14.78 83.37 67.11 10.37 88.84
49.66 0.94 14.91 66.69 64.31 29.5 12.95 19.3 66.27 91.67
76.67 55.3 9.12 49.25 41.86 7.93 33.33 84.04 83.37 98.42
74.11 23.72 69.68 76.99 62.38 90.03 40.57 26.88 81.36 70.63
34.16 83.47 16.31 31.63 84.11 26.1 21.66 4.2 83.8 26.97
90.42 30.04 7.81 27.14 36.7 65.27 58.2 6.98 68.17 10.52
8.87 91.81 48.53 45.42 49.45 74.21 73.4 1.24 35.9 24.07
34.46 5.26 36.75 97.51 8.06 53.93 33.22 9.34 93.74 80.44
23.48 24.8 3.28 80.04 15.43 52.43 27.59 75.65 4.59 31.88
32.77 64.02 76.71 71.16 81.58 86.47 13.29 82.28 35.08 43
19.58 99.24 18.29 64.53 91.83 85.62 98.26 46.64 7.73 6.41
9.45 42.78 43.26 77.84 74.7 97.1 98.17 72.53 56.61 27.19
22.54 84.65 20.02 30.84 37.53 38.78 3.57 37.81 14.88 49.74
17.6 86.75 48.51 42.22 62.19 20.83 8.76 80.19 43.95 75.92
63.43 48.92 45.18 71.62 83.87 1.2 47.46 96.35 9.53 53.45
46.06 90.2 27.66 28.09 95.77 29.31 79.88 66.27 81.62 96.96
54.29 13.66 19.43 46.64 28.18 39.81 98.42 25.46 54.01 46.75
2.81 22.96 93.97 20.77 41.81 70.88 49.39 98.48 48.05 7.95
13.3 75.1 82.76 86.22 9.62 85.78 9.52 75.83 47.21 39.16
30.37 84.98 50.33 44.17 39.69 68.85 91.34 20.42 96.01 70.16
12.78 83.93 16.2 28.65 75.62 19.83 60.06 78.71 1.01 78.73
31.28 49.42 94.18 86.68 17.98 43.31 49.15 3.74 39.13 18.8
76.23 67.59 28.94 18.73 95.87 89.21 61.18 42.24 80.92 81.72
16.16 36.3 72.04 95.81 70.76 76.6 22.52 68.55 97.45 1.45
18.65 56.42 7.94 53.32 81.06 62.03 95.16 57.72 56.4 16.45
