38.12 54.93 13.02 62.74 50.45 35.64 77.67 84.22 43.42 62.7
77.73 31.99 30.33 72.1 52.28 7.04 23.58 82.76 61.42 23.85
97.8 20.54 37.6 92.68 79.97 27.26 89.42 70.82 68.29 61.9
98.4 29.99 62.51 95.28 11.89 80.35 7.31 48.56 81.59 55.54
69.79 78.55 97.27 65.19 99.17 47.49 31.22 40.68 20.13 97.51
47.47 76.37 71.23 35.13 31.56 64.14 5.95 71.97 84 77.13
16.83 94.85 59.39 42.61 46.76 11.41 34.27 96.19 39.89 38.37
19.68 29.95 70.12 56.85 27.39 83.59 21.34 40.5 69.15 23.42
46.5 36.08 62.37 79.8 73.37 97.84 50.77 6.39 35.2 15.17
58.16 91.89 87.69 79.37 9.96 53.49 62.79 24.85 86.82 16.91
