38.12 54.93 13.02 62.74 50.45 35.64 77.67 84.22 43.42 62.7
77.73 31.99 30.33 72.1 52.28 7.04 23.58 82.76 61.42 23.85
97.8 20.54 37.6 92.68 79.97 27.26 89.42 70.82 68.29 61.9
98.4 29.99 62.51 95.28 11.89 80.35 7.31 48.56 81.59 55.54
69.79 78.55 97.27 65.19 99.17 47.49 31.22 40.68 20.13 97.51
47.47 76.37 71.23 35.13 31.56 64.14 5.95 71.97 84 77.13
16.83 94.85 59.39 42.61 46.76 11.41 34.27 96.19 39.89 38.37
19.68 29.95 70.12 56.85 27.39 83.59 21.34 40.5 69.15 23.42
46.5 36.08 62.37 79.8 73.37 97.84 50.77 6.39 35.2 15.17
58.16 91.89 87.69 79.37 9.96 53.49 62.79 24.85 86.82 16.91
99.45 22.41 94.11 65.92 33.93 49.36 39.37 89.2 6.69 3.52
73.83 13.9 91.73 34.72 23.96 24.14 26.86 94.99 90.51 60.17
27.5 31.81 41.26 64.3 98.25 45.31 42.53 67.34 78.36 86.56
9.3 77.45 24.64 83.64 93.27 86.4 18.89 81.91 92.98 67.71
80.08 43.84 22.31 79.88 57.65 3.75 38.54 44.67 97.05 95.45
70.71 2.99 93.79 98.61 40.43 16.52 53.21 32.74 18.77 53.38
40.1 10.84 19.21 24.15 52.18 59.91 85.56 78.85 61.57 26.75
25.73 88.47 26.07 34.33 60.89 19.68 8.04 72.2 73.25 15.71
53.63 61.39 25.2 15.24 96.24 83.34 78.94 82.07 72.34 91.99
69.65 0.65 45.86 96.84 77.93 3.95 23.1 71.62 25.63 78.22
49.73 30.2 8.26 66.11 99.64 75.08 32.88 85.38 19.44 70.88
17.6 29.18 64.36 54.49 84.78 31.1 48.21 55.52 74.8 39.75
62.76 55.94 95.39 34.97 89.33 7.02 13.86 9.11 21.18 32.44
20.42 28.59 22.33 57.29 16.65 98.97 60.05 87.12 23.13 4.26
85.7 49.31 21.91 16.04 1.32 29.7 21.85 32.24 58.9 58.74
62.16 52.05 18.95 23.06 93.22 2.03 43.05 77.95 71.54 26.26
89.84 10.94 63.16 49.24 14.17 2.5 15.47 13.68 36.99 91.02
13.5 40.4 85.78 58.75 24.99 80.21 34.67 24.54 61.14 92.5
71.75 55.33 80.62 37.43 22.75 46.72 1.91 11.99 58.46 20.26
28.67 59.64 15.25 13.59 99.34 40.89 94.28 23.68 19.36 92.87
19.82 72.93 99.74 50.04 32.87 69.23 15.71 81.62 11.2 59.1
13.6 50.2 26.03 9.37 75.22 15.02 26.39 18.19 57.24 94.85
82.86 46.36 13 69.49 15.57 1.76 88.42 51.78 72.2 8.11
3.74 92.16 85.26 29.26 29.93 81.59 63.71 24.81 16.08 8.49
75.8 19.06 14.84 35.82 84.55 3.64 96.45 32.27 58.76 11.32
64.24 89.74 42.39 32 13.1 72.05 7.04 2.41 86.79 22.31
19.35 17.14 21.83 50.82 52.75 94.33 66.08 47.91 93.88 71.34
53.52 77.4 33.03 17.29 42.05 72 16.67 22.73 55.58 92.6
74.5 65.54 69.55 10.96 14.42 82.39 78.32 11.88 82.53 25.05
20.14 29.68 75.34 30.86 87.62 36.45 1.4 1.97 94.82 9.42
34.83 18.01 43.97 60.89 74.81 87.64 41.71 18.19 59.91 42.22
69.33 0.11 4.89 47.5 16.78 81.97 72.16 49.12 8.1 34.18
33.01 17.12 83.41 98.61 30.96 75.74 20.56 44.97 25.39 34.67
89.03 7.94 4.56 58.83 53.42 32.18 8.1 63.46 57.26 9.01
13.71 67.16 87.55 70.22 51.61 17.12 18.8 46.03 95.34 30.2
90.36 23.19 81.44 80.95 40.86 62.95 83.59 80.03 0.87 0.63
6.22 74.42 73.92 32.85 61.55 23.47 8.68 20.45 99.54 43.72
73.75 60.55 17.98 48.98 10.15 63.67 31.37 89.19 85.45 66.28
87.27 25.39 63.11 25.39 93.5 12.14 26.01 4.04 98.73 18.37
86.57 83.65 12.78 68.83 43.96 93.33 53.87 98.74 41.98 10.92
58.48 37.62 0.85 36.42 91.53 57.85 8.57 97.17 65.23 88.75
40.5 87.27 74.73 25.48 52.82 9.34 94.55 5.8 41.64 40.05
20.79 84.11 41.1 74.92 28.98 75.73 7.55 80.04 70.1 62.47
18.68 89.42 9.33 64.59 62.16 92.36 4.36 65.68 93.61 71.12
72.29 78.78 4.66 56.43 91.1 95.36 63.73 33.53 97.31 50.34
15.21 36.67 0.73 0.05 88.69 11.32 26.12 35.53 70.06 86.49
77.66 94.27 9.59 42.43 80.81 26.63 5.93 20.95 5.35 18.48
47.6 86.55 3.68 32.45 23.29 30.34 37.88 29.34 33.21 40.1
84.89 44.4 60.4 68.69 2.31 7.72 86.7 85.74 62.82 26.55
33.8 87.64 22.88 20.14 18.62 95.47 72.04 63.68 66.63 62.25
39.22 25.6 2.93 45.16 53.24 5.55 0.31 57.71 50.84 12.79
59.41 54.9 44.74 41.49 15.51 58.42 78.89 95.04 97.93 64
40.45 9.66 70.37 5.97 20.24 12.47 82.81 19.34 69.49 25.87
58.74 37.8 29.56 81.21 52.81 59.98 46.8 64.06 47.33 7.1
33.89 5.14 90.58 49.06 34.7 33.05 60.48 65 24.3 24
62.95 95.64 92.37 55.99 92.97 56.12 46.13 90.06 44.64 40.84
74.7 18.27 82.99 99.67 51.19 42.83 40.51 17.01 80.61 11.9
34.5 83.87 69.85 12.24 63.42 5.04 72.29 48.45 99.86 39.7
66.63 58.37 10.79 58.48 94.66 74.57 11.77 61.85 89.77 1.17
79.72 42.77 21.17 11.5 64.73 26.02 74.73 97.41 97.79 30.58
10.6 35.56 56.63 40.9 20.38 41.69 92.43 5.98 90.07 71.93
52.14 81.31 2.12 52.95 48.25 58.7 10.75 57.01 78.52 94.44
2.26 85.05 69.08 36.25 85.15 86.44 70.92 25.56 49.71 50.64
61.85 98.67 80.03 31.76 77.79 40.19 43.01 19.8 25.2 35.63
52.59 25.64 32.75 70.09 5.89 36.61 15.25 30.77 63.78 5.14
41.95 17.33 30.57 82.77 26.89 5.36 30.24 6.54 65.48 60.79
32.2 54.59 3.02 19.93 19.54 35.13 31.34 63.58 74.14 46.97
42.46 61.42 50.18 41.99 54.09 61.47 31.94 39.99 12.52 65.16
47.25 86.41 47.73 3.08 45.18 26.39 0.41 0.91 35.08 73.16
81.62 97.06 18.78 35.43 69.37 49 30.19 62.87 19.92 12.75
46.01 97.7 58.04 6.81 22.12 91.29 42.49 20.01 2.42 12.46
18.54 25.33 86.69 67.77 55.46 27.13 23.13 5.11 14.7 35.92
65.66 70.21 66.45 81.17 12.55 21.07 69.79 41.17 45 42.44
15.46 26.19 25.1 65.16 63.54 40.51 33.45 71.07 48.89 85.47
1.43 77.46 17.21 13.75 22.66 9.47 21.7 74.05 37.29 99.18
10.96 17.84 75.35 91.85 19.42 7.44 67.85 58.16 46.26 35.38
84.39 11.5 86.83 6.84 73.72 72.02 11.37 70.28 81.21 44.45
38.2 51.37 25.83 32.5 80.95 78.18 10.76 54.31 27.66 65.18
11.75 35.24 25.1 27.08 4.87 42.5 81.56 62.36 90.18 39.73
18.56 43.57 11.46 45.65 89.15 32.88 77.72 4.26 31.67 49.16
49.79 12.46 27.59 41.8 34.43 93.83 32.23 22.38 93.94 83
13.09 24.78 77.16 97.04 81.51 16.98 9.98 64.45 35.51 69.19
53.22 32.92 67.25 89 49.01 3.06 85.23 63.89 1.82 77.32
70.79 13.87 38.65 58.7 48.2 62.26 81.86 51.76 54.34 6.11
2.53 58.83 70.07 86.19 32.29 4.03 65.42 52.28 33.8 10.29
16.23 71.06 20.27 78.9 50.63 12.57 62.58 24.44 68.74 7.01
61.94 80.73 97.42 29.45 34.57 21.66 28.1 38.12 46.3 98.38
35.98 17.45 54.21 27.63 59.97 47.27 82.53 32.76 39.76 26.01
34.48 59.76 17.25 75.57 39.71 37.61 15.52 49.54 22 16.12
41.04 61.5 25.2 67.37 13.42 89.26 67.08 5.42 9.29 86.91
