20.94 91.07 9.48 12.45 9.76 65.26 54.21 2.32 56.32 44.27
10.45 37.17 54.33 98.29 35.48 59.13 59.28 29.82 26.88 42.61
65.57 71.17 35.44 77.49 42.41 40.47 29.01 42.17 55.78 17.23
71.09 34.1 83.66 96.99 67.62 74.55 49.17 2.8 65.23 61.36
92.33 0.86 24.1 40.1 40.66 39.84 91.58 3.09 54.61 13.08
16.65 8.02 34.21 81.94 9.96 24.1 98.45 27.21 26.1 45.31
11.25 18.91 4.11 86.19 10.27 36.34 0.98 29.06 12.43 93.07
4.97 84.35 3.22 43.38 20.58 23.47 98.8 65.02 76.49 21.58
22.04 93.02 43.61 29.42 87.72 28.84 20.92 43.97 3.97 97.85
36.16 4.93 96 70.49 80.38 1.97 37.82 90.64 2.28 96.71
