45.92 84.58 9.99 2.38 26.28 17.8 79.79 69.31 84.52 14.42
51.91 9.58 85.76 96.22 7.39 29.72 20.98 9.92 49.32 14.53
83.42 92.14 78.24 45.89 47 15.67 26.45 26.11 30.83 57.89
61.7 84.09 34.32 87.78 16.06 91.81 5.35 78.65 12 3.27
53.77 15.37 69.18 22.04 45.04 9.25 23.86 47.86 52.23 72.72
73.7 2.3 63.01 71.12 18.47 6.98 8.91 77.99 13.84 3.87
90.35 4.9 4.24 44.5 5 5.87 75.17 11.85 34.04 77.06
38.43 12.48 12.77 11.24 47.6 79.36 57.07 97.46 52.89 7.85
30.12 62.14 84.61 14.31 90.65 41.77 76.16 23.06 17.73 51.6
98.91 49.42 13.23 34 68.82 12.39 66.37 12.55 37.5 10.89
