45.92 84.58 9.99 2.38 26.28 17.8 79.79 69.31 84.52 14.42
51.91 9.58 85.76 96.22 7.39 29.72 20.98 9.92 49.32 14.53
83.42 92.14 78.24 45.89 47 15.67 26.45 26.11 30.83 57.89
61.7 84.09 34.32 87.78 16.06 91.81 5.35 78.65 12 3.27
53.77 15.37 69.18 22.04 45.04 9.25 23.86 47.86 52.23 72.72
73.7 2.3 63.01 71.12 18.47 6.98 8.91 77.99 13.84 3.87
90.35 4.9 4.24 44.5 5 5.87 75.17 11.85 34.04 77.06
38.43 12.48 12.77 11.24 47.6 79.36 57.07 97.46 52.89 7.85
30.12 62.14 84.61 14.31 90.65 41.77 76.16 23.06 17.73 51.6
98.91 49.42 13.23 34 68.82 12.39 66.37 12.55 37.5 10.89
93.7 50.86 65.88 41.52 26.71 77.64 14.61 98.12 64.82 58.52
55.67 7.99 13.95 54.58 79.41 51.13 25.15 26.57 4.19 28.11
70.33 78.65 64.77 67.63 94.43 91.35 54.23 11.68 0.9 97.66
9.19 7.75 20.58 24.13 10.27 13.81 17.92 95.6 9.01 54.54
49.16 59.39 30.22 97.81 81.69 87.24 0.74 83.72 90.91 89.61
19.92 51.98 48.4 6.74 95.17 50.76 73.06 92.4 68.41 17.49
92.84 45.74 52.42 70.17 99.55 73.27 62.72 76.32 72.07 51.61
42.57 12.22 73.54 64 49.73 5.71 68.49 30.45 47.24 42.72
22.56 8.88 49.83 86.43 80.02 16.6 57.57 61.43 9.21 49.54
11.43 56.14 89.79 57.53 29.98 19.37 15.02 16.29 95.79 99.53
76.61 20.61 83.03 94.46 39.32 77.86 96.52 55.92 45.12 59.96
1.24 29.17 81.95 70.06 23.28 36.02 56.62 94.38 75.4 66.61
73.19 89.1 3.21 5.14 96.46 83.82 32.99 80.85 16.99 40.46
57.24 60.48 37.7 27.66 54.16 22.61 30.41 3.45 45.07 23.89
39.53 56.97 90.32 48.42 79.55 62.04 23.4 67.23 54.45 31.68
17.38 75.98 62.53 34.35 28.15 65.55 8.62 91.58 36.25 95.17
10.33 74.66 31.64 32.04 18.61 86.28 80.37 22.34 40.98 84.85
17.38 19.31 98.34 35.81 53.45 76.24 97.69 9.05 63.85 14.69
40.78 36.26 63.59 41.94 68.03 5.53 35.13 89.59 23.78 42.48
87.52 17.95 37.84 0.1 23.37 65.99 18.31 60.05 42.04 34.38
75.42 18.47 72.26 36.96 14.59 99.27 30.24 20.39 11.96 66.22
12.09 19.61 29.3 10.61 22.43 21.2 63.04 92.16 20.56 36.07
58.19 69.72 18.24 64.46 7.93 84.21 18.29 37.59 92.87 1.07
20.23 14.49 3.74 31.58 32.97 88.92 83.09 44.87 16.28 31.35
8.21 40.97 10.74 46.71 63.13 45.68 75.26 13.21 75.8 25.37
89.94 4.26 29.84 73.54 60.49 92.69 56.2 19.07 60.46 73.33
89.41 11.5 7.32 61.15 95.45 86.82 14.96 27.77 17.36 86.3
80.12 74.64 99.48 10.04 11.58 56.55 48.74 93.24 14.8 60.13
55.52 5.55 96.32 55.38 3.14 25.71 2.35 20.33 56.16 38.37
20.06 78.56 84.51 9.64 41.01 49.47 13.36 77.72 81.19 84.94
4.99 42.67 1.7 20.09 19.76 19.43 86.19 43.93 22.05 27.44
34.41 8.44 50.92 30.06 1.87 18.77 61.2 65.02 60.22 80.1
91.58 72.74 14.75 82.18 18.07 36.23 70.33 52.66 30.5 77.79
3.75 15.38 7.67 10.86 89.25 35.64 30.25 29.04 26.03 71.8
65.4 10.92 55.77 75.02 76.31 65.55 16.25 2.68 44.27 1.8
6.5 19.75 84.14 22.1 54.39 8.89 87.13 48.14 89.59 31.29
2.48 19.11 74.54 80.62 5.79 3.92 96.28 48.87 57.76 51.13
87.01 37.38 7.48 11.76 28.89 36.43 56.26 47.93 41.32 11.19
28.27 68.75 58.88 46.74 82.71 27.98 40.97 17.66 7.46 52.34
4.49 77.9 67.46 41.45 49.98 38.02 81.52 29.6 15.37 74.75
83.97 11.85 34.16 78.33 23.43 31.17 87.43 56.58 25.57 82.4
15.7 82.62 46.23 59.42 1.74 83.53 57.13 56.53 40.97 90.97
13.54 88.9 49.02 55.45 29.19 43.12 6.29 68.45 91.09 39.5
12.03 43.27 28.48 62.01 35.42 94.26 17.81 3.46 10.36 69.8
73.91 43.45 97.89 51.13 49.92 0.42 64.77 39.97 4.45 87.83
85.35 7.14 96.96 58.7 30.14 58.92 46.32 47.08 28.85 87.05
54.11 7.62 35.46 44.13 21.11 66.32 40.14 25.24 30.86 13.03
15.69 87.05 84.24 74.83 10.83 2.07 37.49 68.49 33.66 40.94
59.63 98.92 24.9 23.37 12.68 40.38 66.17 53.65 70.76 45.58
5.89 77.08 74.98 24.13 7.82 9.71 29.65 14.14 72.88 17.93
15.29 60.45 66.68 45.05 94.41 89.58 41.98 44.33 81.19 56.5
22.4 98.68 40.18 63.81 2.61 3.41 89.76 45.71 48.39 64.7
53.96 72.45 7.09 73.03 49.13 1.58 34.95 32.1 49.04 36.43
95 42.47 31.82 24.03 10.31 57.16 52.5 97.71 26.29 65.67
55.01 35.09 0.98 12.79 56.91 98.09 98.21 23.83 86.65 47.24
51.77 76.77 12.96 86.17 21.97 15.94 18.41 41.02 23.33 18.42
67.52 5.76 4.66 47.91 25.98 87.53 21.85 34.81 72.18 50.81
35.52 32.73 96.32 80.34 40.06 97.9 20.13 58.97 83.63 50.79
52.9 95.3 51.89 17.3 30.39 59.15 59.88 70.37 98.73 48.92
63.13 18.51 28.23 74.68 2.91 6.81 6.65 95.52 4.89 49.13
66.66 97.44 33.59 80.31 99.6 29.14 66.27 28.34 5.77 83.64
78.31 90.93 39.77 73.32 80.36 1.11 88.41 60.73 11.64 69.04
7.78 64.88 17.45 86.53 39.86 26.64 44.53 42.93 12.14 70.31
91.37 3.24 97.77 27.76 76.58 22.08 78.04 96.13 62.25 48.83
99.99 40.18 38.49 57.45 89.58 70.18 69.42 58.02 34.79 84.94
98.6 6.58 54.27 33.94 5.42 19.35 66.04 25.06 87.21 31.23
27.18 95.02 41.52 26.02 99.2 56.58 12.73 50.62 63.57 84.41
11.27 8.41 71.5 76.67 84.9 87.06 1.78 35.56 7.32 77.57
27.53 84.31 95.89 73.48 48.69 6.59 2.17 28.9 80.58 19.64
70.08 42.5 27.52 58.21 71.58 22.99 25.59 84.93 27.08 81.99
17.54 19.52 24.95 26.52 54.62 82.8 30.4 95.38 39.17 24.59
65.96 64.3 34.86 91.42 26.13 11.42 75.6 21.78 11.12 86.78
22.95 40.06 7.44 9.47 18.37 53.89 26.11 97.74 58.77 66.18
24.51 83.48 20.04 43.13 98.56 9.95 38.56 89.84 35.4 66.15
21.66 97.82 34.88 10.14 35.27 25.06 4.13 57.92 10.59 40.87
64.05 7.31 59.77 2.22 22.74 77.66 51.32 36.85 5.67 30.53
46.18 95.27 29.75 18.2 52.9 2.37 0.34 97.51 50.44 26.03
97.11 17.38 32.54 48.93 42.62 49.72 17.47 56.35 81.49 84.74
86.38 41.39 93.34 64.49 50.96 19.02 59.27 26.83 52.07 67.34
56.1 27.34 17.83 36.47 4.3 83.53 61.33 94.42 54.54 26.09
99.93 16.58 49.52 90.59 56.84 77.05 18.4 49.7 25.07 70.34
57.34 87.15 99.07 50.93 15.09 19.67 11.33 44.94 52.46 60.26
92.67 83.34 62.29 98.5 13.96 23.27 1.85 72.65 75.32 4.98
41.38 9.18 6.96 72.92 74.14 23.13 81.37 69.76 19.73 91.74
22.63 49.02 67.58 28.6 46.47 85.57 73.69 4.63 93.6 86.76
2.22 32.42 36.26 39.04 9.74 97.05 12.72 58.49 40.57 29.97
88.24 25.17 41.75 86.09 57.05 14.17 44.67 58.93 83.96 37.09
60.13 72.57 74.22 15.99 12.62 62.13 0.53 11.47 14.18 27.75
33.04 37.54 0.65 49 30.76 10.97 12.3 63.38 47.16 69.56
86.12 78.77 95.21 6.9 20.21 0.41 90.59 90.33 99.26 65.44
