79.41 84.4 21.54 20.16 18.67 13.52 69.17 6.87 89.31 31.01
92.6 33.4 64.5 11.5 38.79 80.69 72.33 38.8 43.35 18.66
98.03 91.36 49.49 28.88 16.41 51.76 18.3 31.63 24.44 84
18.54 46.71 77.71 3.35 39 74.16 83.65 54.75 7.09 19.55
10.65 37.01 16.59 11.65 27.48 48.8 71.34 7.7 36.75 99.71
58.59 52.88 18.49 83.89 24.85 48.93 73.56 55.13 52.73 70.87
78.35 22.26 99.27 86.83 13.06 48.41 55.58 26.15 96.26 72.92
60.86 44.52 21.86 11.93 85.96 14.22 14.59 0.92 8.57 28.7
95.22 29.01 78.6 36.82 63.91 17.73 89.38 2.27 0.78 66.19
93.39 48.23 30.51 66.26 5.98 59.52 76.12 1.89 6.24 70.13
