17.28 9.89 40.4 61.1 60.71 56.1 45.21 35.92 68.06 76.69
51.98 16 54.79 57.46 9.14 11.61 57.85 15.63 39.83 38.94
20.59 52.46 42.76 50.48 35.59 16.21 88.09 7.08 76.29 8.37
23.57 71.13 68.66 11.16 43.04 71.36 38.16 2.92 21.81 80.53
17.28 10.37 26.5 94.77 55.01 93.38 54.59 94.32 73.55 71.31
92.51 76.17 19.68 9.71 45.01 64.2 0.81 59.47 88.75 4.4
2.33 33.26 36.84 80.13 71.57 73.02 73.63 91.67 37.63 27.19
46.22 58.19 61.09 12.91 87.4 64.97 90.88 58.7 85.94 46.19
50.26 17.06 89.52 98.37 10.11 66.7 60.71 93.42 73.47 1.7
73.26 41.66 84.85 49.03 11.74 16.72 37.3 32.84 40.42 6.9
