67.03 70.62 40.6 80.37 48.91 71.16 38.26 25.47 2.57 50.58
90.56 21.14 27.81 26.66 7.6 23.32 35.95 93.4 36.31 11.04
3.18 27.5 49.96 52.21 22.13 10.78 15.52 10.68 2.84 21.31
50.71 64.86 76.63 58.64 16.62 71.1 11.24 88.27 36.37 3.76
5.69 38.37 51.76 11.37 90.35 27.78 18.96 23.61 90.01 30.6
17.11 96.55 58.32 83.95 70.52 56.91 58.48 50.72 20.11 75.7
36.87 3.46 32.41 7.57 9.17 81.53 77.03 46.27 39.6 26
16.44 15.37 9.61 66 39.04 7.99 45.9 7.15 23.74 69.89
10.41 77.26 99.46 9.09 54.25 13.87 44.76 1.54 16.79 99.5
74.03 54.5 55 23.1 60.05 5.12 28.73 45.9 45.41 33.97
37.91 26.85 15.99 2 88.17 21.55 14.73 22.91 12.94 18.93
2.98 45.6 7.31 1.78 93.99 26.36 22.89 3.42 51.47 3.95
25.46 98.47 62.79 89.4 84.5 69.59 75.14 63.98 46.92 92.66
91.79 78.43 21.46 37.61 27.41 57.64 7.37 16.61 70.58 1.18
82.92 15.35 47.95 41.87 38.39 6.8 57.75 76.11 24.47 26.12
7.38 51.25 32.73 12.53 1.35 0.49 36.33 2.69 18.74 21.52
84.44 30.84 60.23 1.66 95.43 3.15 64.07 62.54 70.01 69.35
61.72 93.26 30.94 52.98 32.5 8.37 15.1 90.79 21.85 74.59
75.25 15.17 11.76 72.16 79 57.74 95.73 23.99 49.77 31.12
97.46 22.76 81.86 48.35 96.58 31.08 59.44 28.04 38.84 21.56
71.05 21.45 72.7 10.45 60.46 31.1 96.07 47.1 79.42 31.12
91.5 43.47 47.46 46.48 1.82 92.36 13.8 1.39 53.66 18.57
64.74 17.03 0.52 71.32 16.55 12 10.03 54.95 2.99 4.2
57.89 8.89 52.97 38.11 6.82 41.79 75.54 64.03 5.28 1.67
27.13 56.35 18.29 9.87 58.62 55.67 97.32 34.5 89.51 6.59
1.65 31.32 77.16 26.92 10.4 23.12 13.37 56.75 94.58 66.95
82.34 38.59 9.93 12.58 67.38 91.09 41.41 92.46 91.64 98.09
20.08 29.59 56.85 63.2 72.55 6.35 65.3 93.36 0.57 35.13
39.98 98.4 40.24 14.82 38.95 14.61 81.41 47.98 34.02 51.8
7.61 93.86 98.99 25.52 38.57 73.05 85.7 92.62 27.93 34.72
41.78 49.99 27.57 68.38 21 10.31 54.04 26.28 97 97.56
79.5 27.77 46.58 42.32 71.75 54.74 2.67 76.66 88.84 40.4
87.69 62.18 80.54 67.94 10.48 19 80.69 44.61 43.86 16.87
64.22 12.32 98.06 68.47 8.16 41.81 2.53 24.47 81.23 40.77
39.25 21.31 12.26 70.59 27.45 82.76 17.23 86.84 49.2 97.01
62.85 64.13 92.69 4.15 18.89 26.86 2.64 71.12 28.04 78.54
25.31 33.84 94.51 19.11 33.19 17.27 97.12 25.95 38.15 11.37
46.69 37.11 78.21 77.32 31.9 7.98 20.61 43 16.44 90.73
43.11 19.25 71.51 69.18 59.52 72.81 29.95 96.79 17.31 38.25
10.3 23.09 67.23 64.73 37.13 54.36 20.53 30.56 67.66 55.44
39.8 0.21 61.69 97.28 83.73 21.05 9.37 8.98 28.52 14.48
93.93 40.72 49.58 85.05 65.46 13.22 73.85 31.45 84.36 26.28
96.97 91.86 39.72 12.73 37.4 54.26 12.16 5.83 17.12 19.13
47.85 17.25 28.51 99.07 66.96 19.46 26.27 67.6 53.56 84.24
73.52 50.56 9.95 27.3 34.47 85.06 5.59 84.81 75.12 5.26
82.19 7.73 95.46 18.42 94.14 34.26 12.69 26.03 75.35 83.69
52.96 64.2 59.06 95.28 0.52 11.87 94.25 51.89 32.33 47.14
28.23 41.35 14.71 45.07 26.49 46.37 2.64 8 90.7 52.52
77.97 87.62 97.6 0.58 84.22 19.44 78.59 43.76 62.13 54.83
94.94 14.24 97.09 34.31 49.84 87.4 61.19 76.77 77.09 31.27
56.69 4.86 62.73 57.19 3.39 98.42 51.96 71.63 48.91 57.63
2.14 26.49 61.52 95.39 68.13 63.48 73.73 28.45 63.72 38.92
19.26 11.31 74.86 1.58 36.15 85.4 34.36 33.02 8.04 72.4
23.08 99.78 54.81 45.66 68.99 50.25 82.99 34.53 24.19 37.55
34.78 14.34 59.2 30.83 97.05 79.71 16.07 22.1 19.75 21.69
2.73 86.7 37.43 0.35 76.15 10.59 68.14 88.4 37.02 51.6
86.11 11.65 30.85 5.01 65.8 89.45 13.8 91.32 16.79 28.52
44.39 84.06 67.07 11.99 63.71 69.59 64.96 87.52 27.13 45.97
17.08 90.44 14.41 23.32 62.16 67.31 23.2 56.22 91.7 73.98
37.09 48.81 21.88 3.24 28.48 72.33 57.09 43.5 12.61 9.76
32.55 6.71 43.2 56.51 36.25 33.36 0.08 5.43 48.53 89.31
16.41 26.99 5.8 85.66 17.08 9.68 75.77 91.78 69.86 14.23
33.8 15.49 7.14 27.29 44.72 7.09 62.79 70.93 96.78 30.14
25.01 59.57 94.83 46.61 69.97 88.74 61.12 87.02 73.67 80.98
40.16 62.11 90.07 17.91 82 45.66 77.71 20.57 80.42 76.9
16.36 21.18 5.06 18.28 19.24 86.65 37.73 89.67 82.31 64.73
8.94 59.05 31.57 19.4 88.03 49.28 20.46 64.68 61.12 85.85
33.99 97.44 52.1 78.82 28.36 4.54 97.74 51.5 35.1 0.08
42.75 49.29 9.35 63.72 89.09 85.81 38.76 12.72 14.6 57.96
26.67 6.14 45.97 27.26 95.4 54.12 16.39 94.62 19.89 29.04
11.68 57.76 6.88 36.02 5.69 91.18 40.96 33.54 5.76 71.56
21.32 16.91 49.24 86.8 41.87 16.96 53.18 98.14 41.29 71.35
15.1 80.82 37.21 52.99 16.27 46.87 89.87 53.26 93.27 13.76
84.47 31.98 44.27 73.41 90.03 91.83 25.19 46.8 28.58 73.94
70.12 33.93 78.7 81.4 23.17 46.15 8.71 6.1 37.55 33.43
85 42.28 9.53 67.62 29.37 23.92 28.88 17.3 70.9 75.6
79.56 5.97 4.55 29.1 18.62 63.1 2.08 1.59 43.94 27.52
66.03 83.26 72.52 81.72 4.43 45.47 35.35 79.89 23.4 44.83
93.82 29.54 10.61 2.25 49.67 34.28 37.32 87.65 48.84 25.36
32.32 93.89 0.6 32.47 44.51 36.81 67.46 44.52 61.18 54.35
87.48 11.02 74.5 24.46 5.98 73.11 89 85.67 38 47.16
73.53 52.26 46.54 11.66 24.43 41.9 34.78 47.91 24.66 73.71
69.51 72.89 78.22 33.14 73.92 22.6 42.83 4.62 62.55 50.39
6.46 80.74 45.79 98.49 49.28 93.63 91.88 53.6 22.41 20.16
86.25 30.58 20.79 25.27 3.94 64.66 15.34 4.17 0.96 26.85
18.34 17.05 12.58 21.41 95.23 32.33 81.53 84.61 84.4 4.45
93.25 28.47 76.56 25.32 56.41 42.35 59.72 92.29 79.89 28.4
15.61 36.38 44.35 8.64 45.57 49.23 47.24 71.51 54.79 73.64
4.12 85.24 74.76 41.11 55.71 2.84 7.92 55.05 97.57 50.26
45.14 52.07 87.97 86.19 31.07 84.98 93.65 29.22 21.59 82.74
20.33 0.79 6.77 18.74 68.69 94.06 57.72 87.24 41.31 47.17
7.5 76.46 64.66 16.13 69.06 91.74 77.23 8.77 51.08 78.82
60.7 30.19 85.76 40.99 48.05 18.37 56.79 70.51 23.99 58.55
24.73 77.4 74.88 23.01 99.64 93.23 35.5 67.72 30.43 35.57
79.35 66.28 10.03 8.08 95.13 63.76 78.1 3.25 11.47 62.81
42.08 78.13 57.06 30.88 30.35 42.5 30.86 17.87 78.45 17.35
6.07 91.7 50.01 49.46 50.5 73.06 25.18 10.49 57.84 17.05
21.71 95.87 82.88 1.55 75.24 16.25 0.27 51.25 97.48 15.4
48.73 58.96 36.2 24.4 81.95 93.04 4.74 88.66 22.09 26.54
31.01 74.86 63.01 85.86 35.44 32.93 37.83 88.61 63.01 7.4
