44.23 97.81 16.69 36.73 34.43 80.66 78.86 34.35 16.02 16.71
75.65 63.91 8.1 81.28 8.6 85.05 81.12 46.39 15.59 45.13
69.57 47.51 14.22 85.91 15.8 84.38 20.56 4.6 0.37 75.2
27.79 22.81 25.11 10.33 77.69 81.23 21.13 51.79 51.64 90.32
20.58 4.1 5.98 37.87 47.21 32.12 1.46 0.94 15.51 13.25
75.19 13.52 47.01 25.29 51.82 14.45 29.2 3.95 5.86 20.7
68.76 86.38 88.88 7.6 53.43 31.86 97.75 79.61 36.13 78.98
44.09 40.72 77.01 47.23 67.14 80.45 46.25 10.39 11.85 75.45
23.47 81.63 46.53 44.14 57.91 65.42 20.49 35.7 85.24 28.75
14.51 66.57 16.15 44.88 93.46 22.57 98.57 2.32 94.38 50.5
