87.82 58.63 52.96 87.5 77.34 3.9 87.33 40.54 71.03 15.75
46.61 25.21 79.36 72.69 46.31 82.53 23.43 19.58 1.94 41.16
17.1 85.42 46.49 99.69 52.6 27.23 71.48 89.23 55.99 11.04
59.24 0.31 55.76 19.17 50.86 71.14 35.59 94.71 17.41 29.99
48.42 93.72 12.57 7.58 30.56 98.1 51.48 12.3 29.95 40.72
16.79 82.28 16.37 57.49 19.84 8.92 15.61 62.55 5.67 67.36
39.9 16.71 71.46 31.51 34.96 46.76 89.89 21.67 50.15 1.09
85.73 60.54 84.12 34.99 24.79 8.77 40 53.73 89.48 28.39
61.52 56.14 85.13 11.12 86.55 69.96 34.04 81.69 80.66 15.62
61.53 40.67 74.73 15.53 94.14 84.74 53.8 38.11 17.15 51.97
91.97 36.72 33.19 80.75 31.33 72.6 10.71 34.63 89.05 94.4
77.83 4.79 67.34 0.15 7.34 91.45 73.62 0.69 65.17 54.71
13.26 20.91 11.28 29.74 80.73 45.66 60.81 2.97 37.66 54.41
58.65 93.63 65.13 43.6 15.69 4.77 84.85 4.07 32 37.4
19.86 75.53 49.09 81.1 93.57 60.85 7.35 50.39 67.45 28.14
76.67 19.59 37.49 22.03 50.7 73.82 66.61 62.86 75.39 94.76
25.81 93.68 63.91 52.34 34.51 64.37 31.88 1.64 81.09 74.44
73.87 26.43 7.71 36.26 95.49 24.14 55.66 1.51 15.64 72.17
52.57 14.49 91.65 78.17 29.75 54.72 26.73 13.98 46.54 34.26
1.48 95.86 9.86 1.43 5.97 35.53 42.76 25.35 12.4 33.69
25.72 10.19 45.04 19.08 77.97 44.02 79.69 21.64 10.64 22.21
75.48 59.75 29.72 22.53 75.96 42.51 80.37 19.23 37.54 9.96
40.1 99.92 62.36 79.95 23 15.34 64.43 41.69 37.95 53.51
75.24 18.12 76.75 13 33.11 45.21 72.15 94.57 68.63 16.27
67.88 42.87 19.77 34.82 77.38 71.06 82.8 62.64 4.3 63.32
32.48 23.28 55.39 11.29 79.38 58.64 84.67 82.21 42.4 98.73
84.32 31.79 8.82 54.68 78.4 49.04 49.19 70.31 81.85 56.62
71.99 5.53 22.97 20.21 21.85 48.5 7.13 7.19 52.73 43.42
30.42 71.55 12.13 34.19 22.89 37.42 78.23 53.77 21.99 96.36
38.85 25.62 40.84 99.16 33.52 8.74 99.57 21.25 27.94 17.05
59.48 37.95 42.19 52.54 96.15 86.15 61.65 98.3 63.71 6.38
13.67 55.34 12.26 92.97 28.23 24.69 33.86 14.05 99.64 42.05
76.01 16.59 86.98 15.39 82.62 39.87 12.47 28.21 23.06 80.12
38.22 99.09 35.18 91.59 35.94 86.03 49.26 26.37 70.29 0.47
97.27 72.38 63.93 79.11 44.93 24.12 28.39 95.49 40.4 49.92
27.02 93.49 29.36 21.55 88.15 18.22 62.55 4.86 68.47 98.94
28.61 85.26 17.08 31.87 55.3 81.94 52.67 6.56 13.43 1.76
2.41 45.32 63.42 37.28 78.48 22.65 20.51 26.06 66.77 21.4
0.03 26.69 75.84 77.6 61.64 26.66 22.6 64.56 66.61 62.71
11.67 33.97 48.32 71.45 25.08 49.56 60.85 46.37 34.55 63.32
44.41 65.34 36.16 97.26 78.54 16.82 2.68 14.86 72.69 96.61
21.05 23.61 48.01 92.78 4.25 84.87 49.42 11.85 49.44 25.07
13.94 65.65 22.65 94.97 45.15 10.31 84.69 60.4 9.05 78.22
28.06 5.04 11.89 79.28 56.28 94.77 64.49 99.73 69.25 11.8
4.42 53.47 92.42 52.77 80.44 14.18 57.76 32.98 83.17 4.57
23.64 6.07 29.09 94.23 13.95 87.79 62.04 37.91 58.89 74.38
62.53 99.18 22.4 46.03 54.81 53.27 15.63 22.72 48.55 30.73
25.95 7.47 43.3 6.47 16.34 95.19 98.83 40.56 69.26 5.2
5.7 96.72 79.04 15.63 97.43 85.03 13.18 66.9 55.89 10.16
17.18 20.23 61.69 86.93 49.48 38.54 9.11 89.13 29.02 57.03
91.11 38.22 80.22 33.8 30.86 29.93 41.03 22 37.83 77.62
86.67 39.69 46.03 44.72 73 8.24 26.71 47.56 7.62 41.67
8.21 19.8 24.93 73.06 7.74 19.8 45.56 62 35.35 25.52
24.05 58.43 13.37 95.89 54.53 77.58 5.57 18 76.66 67.68
92.87 3.99 45.27 40.23 57.86 24.79 14.08 40.14 68.53 30.38
54.95 4.01 14.45 34.74 26.38 82.08 7.31 59.77 17.26 61.46
52.63 93.23 90.23 78.68 86.61 61.08 58.73 63.55 75.19 29.34
29.23 96.14 81.79 81.99 40.01 20.79 64.14 22.31 17.39 13.96
24.57 99.65 44.84 83.77 39.32 32.02 16.97 70.56 27.84 69.5
58.59 64.51 4.73 15.21 57.58 88.25 42.92 19.49 17.7 26.64
16.76 59.38 83.61 62.35 10.92 2.26 36.27 22.6 57.12 25.51
10.87 23.38 29.64 32.89 9.71 21.02 27.54 80.84 43.33 35.87
14.54 12.25 95.55 64.37 60.04 61.96 18 87.07 75.17 12.78
16 12.07 4.29 51.08 92.86 50.7 19.68 11.44 31.39 52.43
42.95 76.38 12.02 91.53 51.65 8.26 69.3 66.09 27.03 42.56
75.64 66.4 45.72 35 24.53 81.41 0.89 85.39 31.58 21.46
98.64 83.29 8.58 75.28 25.69 39.56 44.24 64.32 52.97 1.45
37.78 82.71 7.79 19.82 6.53 87.93 63.97 59.92 3.06 79.54
21.08 70.7 35.24 80.01 5.14 40.7 29.31 1.65 51.19 84.94
9.6 84.13 44.77 29.33 54.74 54.27 93.53 69.07 48.56 80.4
61.11 75.58 10.56 85.34 24.05 82.14 58.96 28.49 0.75 22.68
5.47 4.48 23.84 10.94 22.38 13.23 37.37 5.26 53.31 21.33
59.5 96.85 42.21 86.52 22.77 77.54 11.82 52.63 61.96 31.35
12.46 94.87 27.53 65.41 36.85 25.52 61.08 64.86 29.7 3.22
46.23 15 13.72 49.64 29.48 73.45 5.45 4.4 64.72 60.62
55.02 19.25 71.34 4.88 43.11 97.2 47.28 55.19 13.83 1.16
82.1 10.33 4.5 33.08 68.79 30.87 18.8 23.35 85.2 78.62
13.41 48.52 0.81 56.01 24.71 78.61 73.74 60.53 14.79 82.88
97.99 94.69 7.96 56.75 18.48 57.27 77.16 48.09 21.4 0.94
92.85 51.63 46.67 26.73 78.35 39.12 6.89 60.21 1.3 64.48
76.65 81.58 45.19 74.85 87.3 93.16 94.98 92.92 6.33 38.99
21.18 79.78 98.06 96.03 73.01 88.5 12.67 39.06 60.45 0.54
98.35 98.7 40.63 55.32 73.04 21.12 4.98 31.15 96.96 69.97
33.55 89.49 68 68.71 22.09 39.12 16.97 29.87 23.82 76.64
56.9 23.16 29.68 27.99 58.94 36.88 98.4 24 96.56 82.81
87.94 6.96 92.12 43.75 36.31 29.1 64.8 98.52 40.47 46.04
99.55 32.73 62.83 49.18 78.04 27.11 81.63 44.59 34.22 25.6
25.55 51.78 13.71 8.78 13.47 23.75 35.42 62.44 19.74 55.34
20.46 30.2 22.75 49.18 22.16 4.33 74.03 0.1 5.55 28.47
30.5 22.44 8.34 21.67 68.42 59.95 50.21 36.07 67.88 96.31
33.54 85.05 74.16 50.57 89.63 94.51 24.64 20.41 15.43 73.91
87.67 67.87 48.61 25.8 6.87 0.09 41.01 32.36 7.64 77.99
37.46 55.67 88.91 45.38 50.14 38.33 44.64 93.07 97.24 94.71
76.14 18.03 25.56 24.32 31.03 87.83 94.5 60.41 94.14 34.69
9.28 56.17 40.19 74.15 14.53 67.91 16.56 89.69 34.37 8.09
89.06 10.38 82.68 6.3 80.74 73.99 84.86 23.26 0.84 57.74
73.44 38.96 25.19 7.6 15.64 15.48 0.22 88.57 79.76 61.78
48.79 12.77 43.45 67.07 30.34 24.68 21.03 30.07 40.84 83.65
65.68 84.7 19.17 27.42 49.61 26.35 49.9 13.79 22.5 79.25
6.07 73.41 57.78 69.2 85.04 9.25 80.66 75.88 73.18 43.45
