87.82 58.63 52.96 87.5 77.34 3.9 87.33 40.54 71.03 15.75
46.61 25.21 79.36 72.69 46.31 82.53 23.43 19.58 1.94 41.16
17.1 85.42 46.49 99.69 52.6 27.23 71.48 89.23 55.99 11.04
59.24 0.31 55.76 19.17 50.86 71.14 35.59 94.71 17.41 29.99
48.42 93.72 12.57 7.58 30.56 98.1 51.48 12.3 29.95 40.72
16.79 82.28 16.37 57.49 19.84 8.92 15.61 62.55 5.67 67.36
39.9 16.71 71.46 31.51 34.96 46.76 89.89 21.67 50.15 1.09
85.73 60.54 84.12 34.99 24.79 8.77 40 53.73 89.48 28.39
61.52 56.14 85.13 11.12 86.55 69.96 34.04 81.69 80.66 15.62
61.53 40.67 74.73 15.53 94.14 84.74 53.8 38.11 17.15 51.97
