7.97 21.59 17.56 17.05 14 21.68 7.99 59.24 51.72 41.36
13.3 57.16 76.17 2.22 10.79 70.03 93.64 75.8 6.18 46.99
72.73 6.03 16.15 33.18 94.67 12.32 12.57 58.92 5.29 99.81
15.64 60.53 87.31 92.27 85.49 30.15 85.73 15.74 2.97 53.86
89.87 2.17 36.59 1.46 98.63 53.56 31.06 39.81 44.7 63.47
5.22 9.82 49.21 74.97 86.98 60.41 3.63 71.73 68.54 26
7.75 15.32 92.53 89.89 75.8 74.55 3.26 7.68 11.7 38.46
61.1 51.8 22.71 31.09 33.02 78.85 36.7 24.13 1.63 45.41
49.6 16.54 16.69 98.71 2.05 49.41 25.16 0.11 48.44 8.25
22.32 1.56 74.49 19.54 69.2 17.66 88.23 27.39 97.33 7.48
83.35 52.79 96.88 46.89 12.23 51.7 79.77 22.69 16.86 54.82
81.78 52.5 82.47 77.5 22.75 4.48 36.29 2.37 27.43 44.06
14.3 92.82 15.27 9.53 54.1 65.67 6.37 54.34 30.45 76.8
22.52 19.39 2.35 7.93 6.22 67.22 66.84 65.38 27.02 9.06
20.49 28.1 50.63 61.02 8.53 21.94 78.52 99.03 22.55 86.91
54.98 73.6 32.8 84.91 34.03 5.84 88.4 93.15 56.92 6.23
82.38 20.29 34.25 3.65 80.63 50.05 87.92 9.03 69.01 6.6
53.23 46.04 11.48 23.41 7.14 66.71 22.42 30.9 95.12 75.57
41.74 42.3 61.17 10.58 64.98 94.01 76.6 6.07 18.75 66.07
55.17 86.22 70.33 77.78 71.66 24.81 68.02 66.89 77.58 75.12
2.99 59.93 48.26 67.46 19.38 89.47 31.71 16.54 9.82 18.54
56.64 25.38 57.28 60.15 36.16 28.04 35.26 62.78 41.62 96.22
7.49 45.46 10.65 3.03 22.38 30 2.18 45.52 41.57 70.88
47.6 64.13 16.38 53.76 47.22 56.13 11.61 44.29 79.94 80.99
85.84 32.15 13.86 27.1 70.53 18.29 17.63 5.57 25.13 66.97
11.42 21.99 71.79 6.29 25.02 16.58 85.34 90.77 66.21 60.42
71.59 15.99 45.58 81.25 13.89 66.57 96.59 92.93 27.45 47.46
71.92 37.1 56.64 96.76 7.51 19.04 37.74 46.88 7.74 46.3
79.5 43.14 85.9 16.4 39.12 20.46 9.09 37.99 80.09 51.72
43.18 79.19 10.97 25.52 28.24 99.86 18.97 82.29 88.12 18.42
82.51 83.23 64.51 85.42 57.83 25.89 89.68 54.57 80.75 17.68
45.45 76.88 72.67 77.94 31.71 55.23 47.13 84.55 93.5 57.25
73.91 37.54 57.83 98.87 22.82 92.02 72.14 27.54 73.77 73.31
52.63 88.2 91.91 5.1 89.8 22.36 16.05 10.83 40.75 2.09
3.95 16.38 17.24 2.81 25.36 46.48 88.46 46.22 43.77 53.68
28.74 87.89 8.14 61.45 18.55 31.54 25.15 5.02 46 67.74
49.9 34.43 66.19 17.54 8.68 52.85 61.32 78.57 59.69 48.29
97.14 45.04 77.35 80.97 74.07 25.45 77.02 73.96 24.05 39.86
14.86 35.28 2.07 94.63 98.25 59.04 6.7 4.31 56.92 23.3
55.34 47.41 9.99 4.29 16.25 64.45 23.79 73.92 67.77 52.83
63.56 23.47 68.19 71.18 70.47 18.74 31.38 25.06 68.85 74.07
62.42 73.98 1.12 6.06 20.63 38.03 78.38 82.08 42.69 48.63
56.6 47.28 80.89 0.09 73.81 43.94 7.83 46.61 83.07 74.29
7.01 50.5 76.53 71.66 19.28 66.35 46.09 50.87 24.46 60.75
16.12 38.24 28.12 73.8 8.88 12.05 28.33 12.89 56.77 4.71
64.5 21.7 55.96 46.64 57.11 82.8 24.47 2.89 40.38 24.42
97.97 84.62 24.39 0.48 93.89 16.61 99.44 48.38 49.6 95.54
25.37 15.15 25.16 18.71 1.7 51.86 27.02 13.14 16.6 9.84
43.44 17.27 49.18 57.36 13.95 15.68 49.05 76.11 19.18 80.74
3.26 62.6 34.8 4.82 2.06 55.15 57.31 4.48 30.66 50.16
64.26 95.55 53.73 66.75 31.72 73.17 47.42 91.13 26.97 21.59
86.02 70.74 67.08 60.16 19.05 87.52 10.5 62.66 75.52 39.46
16.9 93.26 24.87 23.94 25.49 76.42 14.36 18.12 82.56 25.28
90.96 47.29 28.24 52.24 38.24 28.27 90.29 37.04 74.79 51.21
45.78 63.56 12.34 16.29 2.84 34.57 7.8 76.12 25.04 20.46
30.51 55.81 22.98 78.6 6.58 58.62 56.84 37.89 55.44 27.23
31.8 19.08 14.33 47.37 17.61 74.67 55.16 8.26 29.43 61.95
77.01 62.1 3.04 89.83 80.44 35.37 99.89 74.82 22.05 2.1
74.94 8.18 44.81 59.32 89.19 63.41 78.05 21.1 81.24 24.67
56.26 5.44 68.94 31.4 7.73 73.03 74.06 30.44 45.19 38.82
51.77 21.87 75.6 68.83 0.92 92.82 95.04 51.12 9.22 92.99
24.46 59.47 43.16 52.64 41.4 63.02 13.68 79.75 24.98 63.95
5.98 86.13 67.62 92.99 76.62 23.92 17.16 34.29 11.1 11.77
41.23 58.57 78.67 51.62 20.4 76.14 79.49 6.52 25.34 82.49
45.13 61.97 33.65 1.91 39.85 11.51 63.07 75.8 96.38 65.16
16.71 99.41 76.25 96.25 32.48 42.91 83.9 25.37 6.22 11.53
18.58 7.88 12.95 2 5.58 46.79 17.25 76.09 16.76 61.9
60.38 27.31 79.06 60.07 96.6 25.81 68.46 22.48 61.73 85.42
55.92 17.96 67.9 27.07 47.5 42.98 2.92 14.81 21.55 63.66
22.19 61.8 58.17 94.2 77.55 10.15 29.7 80.75 72.63 75.81
17.93 14.54 26 6.95 1.18 98.73 33.22 59.59 87.3 9.46
64.52 3.16 85.03 14.21 4.54 61.59 85.4 66.53 33.9 47.17
66.8 61.44 23.72 40.22 57.16 26.18 89.03 92.22 66.94 59.96
21.35 97.46 9.15 6.3 40.2 66.29 48.05 67.15 74.78 2.03
64.93 48.69 35.35 46.86 22.83 63.13 97.91 77.27 38.2 93.4
61.82 74.31 43.23 2.13 31.67 61.58 80.75 17.81 21.23 91.65
79.63 96.36 9.55 22.87 16.11 31.34 68.5 84.45 57.98 43.02
53.22 11.62 80.17 2.66 2.62 2.51 10.19 34.71 30.64 91.16
19.73 74.7 42.93 81.75 20.84 74.63 89.01 0.38 21.33 35.41
12.47 92.35 4.16 62.67 28.68 76.62 30.08 70.05 85.55 81.02
60.34 9.45 56.45 61.88 49.72 13.83 86.89 35.01 6.72 76.72
13.71 7.66 98.72 30.83 53.29 6.2 71.4 56.3 28.63 1.48
92.27 14.58 20.91 40.17 78.7 9.35 53.87 15.25 52.59 27.47
58.13 9.86 86.24 99.65 0.71 58.32 72.86 55.59 56.24 60.42
46.09 42.35 86.39 18.52 54.13 51.48 5.79 35.6 13.07 74.56
94.75 69.45 34.12 32.53 13.83 49.11 32.45 47.7 60.86 65.73
95.39 77.92 0.57 92.95 68.57 62.97 75.2 4.56 86.8 8.95
87.88 73.71 8.39 73.28 60.92 2.88 30.51 67.92 77.8 9.05
82.72 89.99 59.95 68.53 97.69 63.41 6.03 12.05 96.36 66.76
81.43 87.02 52.81 65.01 8.64 86.54 3.57 26.53 8.16 8.5
83.62 41.21 78.83 37.99 47.77 88.95 60.9 27.2 27.31 8.39
21.86 16.88 19 96.27 69.73 33.36 71.69 95.31 76.8 45.39
47.79 44.03 3.32 53.11 57.09 1.61 8.64 87.35 16.91 50.57
73.11 48.47 20.99 44.28 90.62 50.64 92.48 14.25 10.57 0.69
54.2 98.1 99.67 0.61 6.94 20.18 8.67 30.57 82.77 68.61
97.56 44.4 38.2 7.13 87.27 8.42 23.02 69.88 25.31 54.02
80.67 0.78 27.25 34.79 66.84 24 76.94 77.16 89.47 34.85
90.18 19.91 58.79 48.48 65.06 25.27 5.67 21.66 6.6 97.22
84.76 37.65 4.24 27.89 37.72 44.46 5.35 46.29 31 21.27
41.6 13.34 13.34 3.63 56.11 48.18 16.28 10.86 11.29 89.64
