18.44 54.52 92.14 90.95 41.61 89.1 66.5 22.23 91.09 89.81
61.07 43.62 64.42 9.63 99.32 84.38 0.26 4.73 70.83 22.48
26.76 0.42 17.25 48.52 95.66 82.89 10.56 63.33 26.85 51.74
40.96 59.34 70.43 91.02 29.42 58.32 64.72 4.65 22.22 83.32
18.68 29.27 93.44 11.48 43.47 72.05 95.7 49.74 0.19 67.8
78.76 26.73 9.78 81.64 18.2 57.94 3.08 51.35 44.26 17.6
47.79 95.84 63.98 61.91 73.43 62.3 28.25 77.22 80.09 47.4
1.3 53.25 15.3 0.99 53.86 69.94 92.65 68.89 97.29 16.9
36.13 98.52 46.02 38.55 24 16.5 76.45 96.07 94.77 0.43
91.17 67.15 55.07 64.49 69.05 2.17 45.77 44.46 53.02 25.67
