53.37 9.19 77.72 56.86 12.77 29.18 60.49 68.45 65.9 92.3
72.54 2.39 2.92 85.18 3.65 76.7 92.97 28.62 64.46 97.64
38.68 97.22 2.74 71.27 99.5 54.42 55.97 5.55 32.49 24.08
54.5 33.61 6.46 95.8 35.81 9.59 40.06 1.89 49.97 80.08
28.59 83.04 68.01 63.81 44 67.1 28.53 39.87 91.58 31.45
38.69 3.11 66 84.39 83.69 3.84 85.61 71.55 48.41 64.52
4.77 17.68 99.07 11.97 92.13 11.83 2.59 51.65 80.95 12.19
63.78 94.88 57.74 6.27 30.34 76.34 16.85 64.4 45.68 49.45
92.1 43.59 33.63 21.95 86.49 13.69 61.01 0.58 40.77 52.09
0.56 28.55 4.86 94.22 63.46 3.5 75.76 43.14 85.48 59.61
98.41 36.18 61.83 76.63 50.21 59.5 21.2 13.66 10.05 16.51
63.34 34.94 60.21 66.88 98.01 23.84 34.61 14.46 17.81 55.67
9.07 56.44 51.51 55.98 50.46 10.25 70.64 21.23 6.38 7.55
29.84 79.3 64.5 84.16 5.81 5.24 14.26 82.99 46.43 8.02
42.71 14.09 63.82 31.32 17.59 62.84 18.46 3.11 75.41 22.63
66.66 24.07 7.53 49.32 39.93 91.37 6.76 18.19 62.28 22.04
5.99 65.63 46.64 42.8 43.48 62.3 76.11 83.04 86.44 4.32
60.53 27 43.06 26.64 75.85 6.67 69.61 35.7 74.91 67.99
27.7 14.6 11.16 66.17 36.88 21.2 25.4 31.58 92.72 76.98
54.15 40.58 52.58 65.3 74.04 89.88 47.09 55.64 82.58 28.5
48.59 66.14 45.15 41.43 3.84 19.53 74.54 89.86 94.57 4.76
46.79 23.68 13.14 56.37 84.34 75.49 26.17 39.22 39.36 15.11
2.49 86.07 8.41 16.91 80.17 86.48 60.43 18.85 23.91 45.05
26.09 37.86 49.27 43.09 47.6 29.76 92.96 92.36 36.78 59.85
99.12 93.6 51.47 72.35 7.19 54.42 10.29 50.99 5.06 40.88
89.58 22.03 67.05 6.82 88.97 51.94 23.39 7.17 47.5 52.67
86.96 45.67 9.29 12.81 10 80.2 70.02 56.73 87.46 57.53
85.84 56.4 73.59 96.23 71.91 30.07 88.16 21.78 42.52 24.76
86.93 51.07 55.66 57.07 64.87 24.1 78.48 96.6 45.2 37.36
4.12 55.91 41.46 40.76 53.54 88.13 25.26 9.88 52.49 84.01
28.86 89.35 63.73 24.72 8.92 94.01 45.94 65.24 43.49 39.66
97.92 61.99 58.08 82.02 10.47 66.54 11.23 63.29 5.97 90.35
92.24 2.1 37.1 17.76 40.12 64.81 81.95 31.77 28.57 96.54
45.34 70.25 33.88 85.68 14.21 98.47 52.09 83.33 21.65 4.83
80.45 23.5 50.48 5.64 88.53 5.67 54.1 66.04 85.89 67.01
74.57 5.74 84.12 13.79 63.47 69.02 72.46 58.86 64.05 44.74
54.09 47.28 9.13 15.68 0.68 12.5 27.43 33.76 78.37 92.61
85.03 55.79 98.5 84.58 92.93 59.48 76.59 92 7.58 40.45
88.46 63.03 16.83 37.73 51.78 99.87 10.52 82.1 64.8 59.79
88.07 5.86 36.62 11.94 86.97 62.14 30.3 25.42 67.63 47.44
36 92.95 4.65 66.68 33.87 13.06 64.39 60.37 48.89 59.99
19.16 71.62 10.68 68.71 1 52.81 99.15 47.46 88.09 26.34
18.66 83.36 71.7 54.72 66.97 72.38 87.58 31.47 77.55 92.83
17.79 17.21 39.93 70.52 59.3 99.98 42.64 50.29 5.73 50.66
32.73 82.02 47.32 82.98 8.8 14.21 24.76 84.49 58.47 14.07
99.29 95.77 44.68 13.48 23.65 36.36 64.24 97.78 74.58 4.08
72.41 89.71 90.28 26.18 95.06 43.48 93.39 70.5 0.73 5.81
21.2 50.4 66.74 7.13 16.13 94.93 3.54 91.6 59.86 10.14
17.99 61.56 19.09 42.92 1.02 23.68 82.09 56.63 3.56 0.08
21.79 57.32 9.37 14.52 60.89 7.56 45.3 28.07 50.83 6.95
93.18 51.04 27.51 68.17 62.52 54.78 76.88 97.16 63.15 61.13
24.46 57.18 49.61 22.15 98.76 72.69 10.32 0.28 76.22 43.76
88.38 78.54 68.65 20.87 19.72 0 62.47 83.02 35.21 17.16
96.51 35.02 24.88 97.91 49.39 17.96 59.99 4.07 74.12 48.62
64.97 61.92 55.45 13.87 70.55 60.08 33.75 86.91 32.02 8.48
64.67 69.83 22.76 19.8 9.49 82.98 9.92 63.97 18.97 35.04
9.99 1.73 22.51 77.33 65.17 92.57 68.67 19.22 82.75 21.5
7.29 49.87 6.22 11.97 91.47 73.89 81.67 37.69 40.45 45.98
45.41 47.72 69.44 57.01 94.48 97.88 48.86 84.2 95.59 41.55
28.37 68.5 26.2 4.72 14.18 98.14 30.94 77.04 85.92 96.81
55.04 43.93 13.77 98.44 3.92 69.76 17.55 8.66 12.19 93.93
90.15 17.99 49.59 57.91 97.34 60.57 91.93 1.81 56.93 79.01
84.47 80.68 90.44 76.77 85.69 64.14 56.41 3.29 75.88 72.18
75.77 64.12 29.42 84.89 13.46 88.8 84.25 83.37 65.14 33.48
19.62 38.15 19.72 57.25 80.49 57.86 90.85 41.23 31.82 7.98
31.06 46.54 4.18 63.51 95.97 86.32 73.96 60.7 55.03 23.24
18.13 94.72 31.59 56.88 14.46 83.65 91.88 57.03 20.88 41.35
67.44 30.66 89.8 67.08 93.25 87.36 66.2 17.57 21.89 20.52
86.89 7.84 61.88 7.5 46.79 68.03 37.52 73.72 4.86 79.46
43.09 30.09 95.71 40.26 3.86 54.71 47.02 56.15 34.08 8.5
51.97 11.15 76.36 54.05 92.24 64.8 68.1 56.57 26.94 85.92
8.76 53.06 85.85 24.83 67.24 79.57 96.54 23.45 54.07 3.99
20.56 75.84 19.22 92.88 11.08 83.28 78.73 31.92 92.31 16.37
46.05 17.84 7.83 11.41 17.9 52.2 41.76 2.75 56.5 27.03
75.13 7.63 43.89 15.92 30.38 80.47 58.25 94.35 2.15 65.53
86.31 19.95 46.88 92.65 9.27 22.23 58.9 94.1 99.49 78.99
43.86 10.32 16.37 56.65 27.92 11.97 64.47 62.15 64.51 39.73
80.94 85.54 87.64 6.29 38.38 57.63 5.84 0.59 73.24 8.09
4.49 25.86 66.03 52.88 27.27 60.05 87.72 53.44 25.95 21.91
28.13 91.85 51.17 99.04 88.45 65.81 82.23 33.87 62.55 54.06
87.29 4.93 1.81 60.51 33.5 1.36 5.11 93.81 25.91 9.13
16.13 73.98 64.3 31.9 99.05 56.44 71.9 67.88 0.88 8.03
63.53 11.76 73.06 16.49 92.1 58.61 71.35 27.81 94.52 21.66
32.69 75.86 65.22 31.88 89.76 77.29 1.61 74.18 3.38 83.89
4.91 78.95 73.39 31.47 51.42 72.99 20.65 0.49 36.2 76.38
60.67 87.5 42.75 42.93 16.75 15.07 45.12 52.47 56.67 22.08
36.07 98.79 14.18 8.58 9.43 24.5 97.99 75.16 62.28 18.92
38.84 65.08 13.16 36.38 41.74 72.31 10.87 6.66 1.8 32.63
59.28 77.78 16.95 24.27 99.21 62.86 15.77 55.2 72.38 3.73
73.93 69.67 42.65 84.54 48.05 94.07 87.02 18.71 89.93 18.04
16.39 63.98 63.59 52.32 4.67 12.05 83.51 2.18 96.82 41.63
98.26 33.56 80.92 79.37 74.41 86.09 5.31 25.55 73.08 54.55
36.7 5.92 35.2 16.25 42.16 4.75 94.07 51.92 10.4 65.47
39.26 39.14 18.58 33.59 31.47 49.07 78.7 51.66 88.22 23.72
55.59 93.18 56.82 61.78 69.19 31.16 3.4 71.61 8.65 53.15
38.03 19.28 56.87 84.56 62.8 49.1 27.01 81.1 86.08 62.53
31.01 58.45 85.27 13.25 98.69 58.57 42.72 64.21 18.22 88.23
83.3 8.86 8.7 44.75 98.37 64.24 75.85 15.12 1.42 59.46
93.63 2.08 34.07 60.99 52.33 80.21 89.3 24.78 37.12 14.14
31.99 56.38 73.26 51.02 22.12 39.82 23.36 37.86 16.29 12.04
