76.64 4.19 1.85 80.43 88.54 8.33 64.11 95.78 18.9 41.12
85.68 92.2 68.19 90.38 3.59 53.14 38.54 28.49 51.55 1.12
44.44 89.41 85.12 65.48 46.08 47.59 98.39 87.96 82.35 32.75
35.84 41.02 98.91 3.15 59.75 81.34 25.13 77.53 15.23 25.64
57.07 16.08 8.43 88.52 89.46 88.93 57.21 6.02 41.4 54.99
29.72 81.73 14.28 63.36 2.32 39.15 15.84 21.7 63.37 66.21
65.79 71.66 21.68 37.41 44.52 81.54 86.44 59.25 95.84 64.25
75.73 13.86 11.32 86.15 26.46 74.01 90.37 68.53 30.89 43.05
31.15 2.72 9.19 63.53 3.55 48.29 61.75 5.15 23.8 18.64
26.07 86.49 94.36 55.33 49.69 17.98 17.88 63.42 8.56 50.09
