95.32 45.15 11.45 41.17 12.74 50.72 73.59 79.96 37.14 90.51
41.31 1.62 42.26 29.72 53.12 4.81 82.61 78.57 25.36 82.89
2.31 2.29 79.8 45.5 2.66 57.64 9.35 9.52 52.72 20.78
88.59 10.44 53.7 11.95 38.41 10.89 52.08 13.9 64.75 95.89
14.1 49.41 56.93 14.49 94.86 67.35 52.75 91.31 57.63 34.95
22.12 84.66 72.06 11.52 93.28 19.27 48.67 32.58 24.21 14.74
62.54 33.16 3.36 95.06 48.42 43.78 60.5 64.65 14.02 95.85
61.37 37.83 92.06 36 20.5 28.79 39.52 5.93 58.35 78.15
15.28 52.25 24.93 89.39 84.77 8.68 37.22 12.68 30.29 10.77
82.11 66.37 12.78 53.08 9.09 93.67 6.61 7.28 8.85 35.66
