95.32 45.15 11.45 41.17 12.74 50.72 73.59 79.96 37.14 90.51
41.31 1.62 42.26 29.72 53.12 4.81 82.61 78.57 25.36 82.89
2.31 2.29 79.8 45.5 2.66 57.64 9.35 9.52 52.72 20.78
88.59 10.44 53.7 11.95 38.41 10.89 52.08 13.9 64.75 95.89
14.1 49.41 56.93 14.49 94.86 67.35 52.75 91.31 57.63 34.95
22.12 84.66 72.06 11.52 93.28 19.27 48.67 32.58 24.21 14.74
62.54 33.16 3.36 95.06 48.42 43.78 60.5 64.65 14.02 95.85
61.37 37.83 92.06 36 20.5 28.79 39.52 5.93 58.35 78.15
15.28 52.25 24.93 89.39 84.77 8.68 37.22 12.68 30.29 10.77
82.11 66.37 12.78 53.08 9.09 93.67 6.61 7.28 8.85 35.66
97.84 59.2 46.74 93.23 56.71 41.25 96.42 22.5 85.76 20.26
99.76 2.39 43.32 55.34 58.04 12.53 48.35 7.29 97.62 21.99
29.99 88.29 32.08 26.91 19.36 42.39 2.19 43.63 15.07 13.26
11.53 49.26 64.73 96.04 9.57 94.79 25.73 83.31 18.38 76.52
28.22 59.21 67.6 1.69 27.58 79.35 70.31 89.34 94.26 67.26
93.61 27.11 28.35 16.11 20.12 12.58 21.72 9.33 84.49 65.98
47.96 93.48 38.23 22.98 71.74 17.17 99.38 86.6 4.16 1.31
17.01 53.15 78.82 18.07 30.29 52.79 13.59 41.95 35.28 91.91
5.12 50.28 49.75 53.23 37.91 10.79 61.52 14.84 10.49 63.89
46.31 10.09 22.16 34.57 83.25 38.83 71.76 7.46 43.45 13.38
67.44 61.56 19.91 17.61 34.59 66.2 17.02 22.32 6.56 54.11
12.71 39.85 59.42 92.1 23.7 64.61 86.28 99.12 13.15 61.92
27.52 7.12 0.37 70.58 86.55 88.78 54.85 98.63 51.89 25.87
74.51 48.17 23 68.31 13.24 16.53 54.5 91.67 34.76 71.32
54.39 81.67 59.3 61.86 69.88 19.53 6.28 98.44 88.42 7.43
28.85 1.9 93.53 41.81 3.24 8.82 88.08 35.55 85.91 13.36
67.41 94.73 13.75 20.02 65.66 36.04 90.85 16.39 21.03 56.64
51.26 50.75 92.36 45.34 56.43 34.2 45.06 88.81 38.36 47.92
74.33 38.35 31.75 19.65 52.76 17.17 33.87 31.46 50.36 19.91
95.53 96.84 7.86 48.84 87.81 86.27 32.92 89.46 60.5 75.83
12.5 52.72 39.72 22.93 70.81 14.49 71.7 97.58 17.03 47.21
4.67 6.89 33.68 66.37 14.23 19.91 45.29 56.47 32.02 1.12
67.39 24.82 82.85 16.69 3.22 58.67 73.42 32.62 21.99 63.53
71.53 17.97 13.79 7.19 6.46 6.18 72.04 2.63 25.01 57.19
52.13 99.13 12.32 52.87 26.57 59.24 38 71.87 73.12 1.72
70.58 36.46 20.53 32.77 60.9 88.02 45.43 96.47 35.77 45.37
0.47 3.47 70.28 13.45 5.61 4.44 90.93 64.1 48.79 71.93
77.9 38.09 57.14 12.34 29.23 64.02 17.38 39.61 61.67 64.57
51.04 52.04 0.18 29.06 78.5 47.2 12.01 45.79 66.87 36.24
73.18 22.22 12.59 37.01 27.7 42.03 75.25 75.28 82.64 99.33
13.44 39.43 33.48 2.11 73.11 28.68 28.76 46.82 13.24 68.04
57.82 51.54 55.78 14.54 32.26 9.58 25.05 26.42 87.77 61.76
34.18 15.33 61.74 61.48 73.01 57.54 0.99 75.63 5.83 41.54
59.6 59.79 93.43 4.72 91.84 58.61 9.23 19.42 45.08 19.12
63.99 15.32 23.64 23.08 32.22 8.83 11.39 26.25 3.63 39
64.42 99.84 82.18 55.9 10.64 34.43 11.39 13.28 44.32 6.01
31.67 82.19 32.91 77.08 75.9 5.32 22.33 53.75 8.96 19.21
90.1 88.66 23.78 62.5 25.61 44.72 4.12 17.86 87.55 38.67
72.72 19.09 4.45 16.14 52.22 15.8 89.88 51.38 17.1 18.07
36.48 17.09 93.65 39.55 91.48 11.13 18.35 89 18.95 25.85
83.88 19.8 81.18 57.61 17.19 0.85 99.5 91.1 74.11 98.68
88.53 34.76 5.84 0.38 22.64 31.19 9.17 54.63 47.22 67.95
66.86 85.28 42.52 1.92 73.12 13.05 57.28 50.16 54.96 13.76
6.58 77.71 52.16 4 51.85 18.06 0.76 76.54 94.98 29.03
13.01 82.4 30.54 3.07 36.19 65.19 20.05 57.72 69.12 61.42
35.87 23.41 52.42 76.91 7.46 28.72 13.38 65.49 85.45 38.43
73.31 20.15 73.15 87.33 0.12 1.01 30.34 28.79 29.14 29
86.37 0.49 98.16 74.23 35.28 88.18 39.68 67.67 5.4 28.29
99.35 88.58 97.5 13.04 8.28 82.15 7.24 2.55 25.85 89.13
64.22 93.12 9.97 14.34 9.77 86.48 76 69.46 88.73 93.9
33.61 80.24 44.96 73.58 58.13 25.76 2.18 35.29 79.61 55.26
90.6 39.94 18.34 90.26 23.88 77.4 73.22 28.13 25.46 92.91
0.86 94.9 59.59 15.13 99.57 57.36 59.88 82.1 96.2 59.04
49.19 45.77 15.84 7.14 83.62 46.92 17.32 7.32 19.17 0.94
78.92 57.97 95.25 26.51 40.4 67.03 22.92 96.09 56.45 24.52
31.94 16.86 52.24 95.55 26.04 61.32 8.77 48.18 36.21 45.64
0.63 21.18 39.31 28.18 64.89 79.85 56.83 28.29 6.68 18.67
51.91 14.66 75.62 43.72 25.19 69.37 86.42 21.21 97.26 94
26.85 91.25 21.18 55.9 72.73 22.5 40.46 89.23 46.91 96
20.75 40.71 35.79 81.4 75.17 30.16 29.46 23.41 43.72 45.27
80.71 78.28 99.22 61.97 22.75 35.3 10.91 86.66 28.49 46.15
65.7 7.35 40.66 13.83 1.58 0.69 78.55 53.59 23.57 57.01
10.72 92.57 37.11 67.69 99.34 56.28 50.62 79.78 28.68 0.8
37.32 34.6 17.39 51.04 93.02 29.03 33.02 21.12 24.48 44.08
34.51 36.97 24.81 45.35 24.51 4.99 33.84 44.74 37.15 96.11
46.15 6.5 56.6 39.89 5.83 46.84 84.81 91.8 64.93 22.74
13.67 57.51 82.99 35.87 45.93 3.58 42.98 85.69 89.56 72.14
34.94 16.41 78.96 35.2 59.62 73.21 81.69 43.05 37.26 63.01
67.17 48.37 84.46 35.54 11.35 5.58 72.13 18.22 64.59 25
5.86 88.39 78.27 49.33 40.02 70.12 74.41 48.95 19.58 2.41
79.82 69.54 52.94 25.99 4.5 56.44 77.57 12.11 41.25 16.56
38.79 77.98 38.45 10.47 3.21 14.93 6.09 12.09 12.08 3.37
62.3 22.37 11.25 89.77 20.63 97.59 9.28 5.91 34.43 18.9
54.1 5.69 33.94 77.11 13.75 59.61 15.67 90.36 2.27 83.91
36.53 24.32 23.96 4.28 72.03 1.18 89.53 71.47 42.33 92.17
37.13 54.36 25.04 96.79 7.43 12.88 92.37 23.2 71.65 76.28
36.46 46.96 0.23 22.63 97.12 51.87 11.21 40.86 2.17 17.69
79.71 66.43 43.61 92.35 75.24 65.7 12.46 41.09 74.37 87.96
8.96 16.43 17.27 77.02 51.14 52.17 70.79 99.72 66.35 67.98
66.57 51.07 86.84 40.73 27.8 64.05 1.94 50.39 74.52 40.88
98.62 20.91 72.05 65.85 98.27 67.59 27.43 33.49 27.83 97.13
11.09 47.84 26.86 38.1 19.46 24.73 17.8 49.55 38.54 20.62
68.9 28.65 58.13 3 70.75 98.84 84.41 13.7 12.94 22.5
63.77 95.26 97.1 84.25 19.22 16.64 78.97 51.88 73.89 71.1
48.14 82.69 41.53 18.23 14.99 48.28 7.63 15.32 98.06 41.03
80.99 46.52 2.98 39.87 7.36 30.87 96.92 49.37 23.1 94.37
92.78 0.61 91.35 4.08 51.63 82.99 66.57 9.27 23.88 57.31
60.31 78.77 16.19 57.51 57.62 39.21 24.31 20.65 14.97 58.79
71.51 52.75 46.22 87.43 69.62 91.13 89.23 91.72 52.94 39.13
30.04 18.8 36.08 99.67 83.59 87.26 67.4 94.18 47.94 34.88
