15.6 18.88 3.15 35.08 60.3 49.06 24.41 98.74 68.86 15.67
96.52 49.66 67.06 5.87 77.53 27.88 32.65 65.41 1.49 33.63
27.89 56.8 47.81 7.13 43.75 74.34 94.03 91.9 23.45 97.01
32.23 7.41 53.25 91.49 98.95 57.74 92.53 77.53 60.39 14.88
88.26 17.09 85.88 64.61 78.09 99.19 17.33 24.37 16.27 49.84
1.79 22.8 65.24 0.62 73.23 37.66 44.14 15.68 48.9 22.33
47.58 40.34 5.05 21.82 81.35 13.85 9.76 53.12 47.1 38.97
25.11 12.61 48.62 27.65 2.67 51.33 96.37 53.98 23.1 20.88
50.7 63.13 20.83 22.95 78.72 20.82 21.2 73.19 11.6 20.29
75.88 89.05 20.11 64.86 70.27 51.01 56.94 52.15 63.68 80.48
