15.6 18.88 3.15 35.08 60.3 49.06 24.41 98.74 68.86 15.67
96.52 49.66 67.06 5.87 77.53 27.88 32.65 65.41 1.49 33.63
27.89 56.8 47.81 7.13 43.75 74.34 94.03 91.9 23.45 97.01
32.23 7.41 53.25 91.49 98.95 57.74 92.53 77.53 60.39 14.88
88.26 17.09 85.88 64.61 78.09 99.19 17.33 24.37 16.27 49.84
1.79 22.8 65.24 0.62 73.23 37.66 44.14 15.68 48.9 22.33
47.58 40.34 5.05 21.82 81.35 13.85 9.76 53.12 47.1 38.97
25.11 12.61 48.62 27.65 2.67 51.33 96.37 53.98 23.1 20.88
50.7 63.13 20.83 22.95 78.72 20.82 21.2 73.19 11.6 20.29
75.88 89.05 20.11 64.86 70.27 51.01 56.94 52.15 63.68 80.48
72.73 69.15 3.94 90.11 20.4 45.52 11.14 75.83 16.52 40.58
82.76 35.57 29.47 51.26 19.48 50.35 35.47 87.24 91.79 23.08
44.61 46.97 69.78 95.82 62.55 66.51 66.7 15.87 10.02 59.9
82.05 68.4 82.62 99.66 11.68 23.3 57.78 45.5 19.69 90.33
53.04 80.49 58.3 36.69 46.72 75.28 24.23 73.53 77.8 93.23
3.81 29.81 69.97 24.91 18.67 26.41 71.64 20.07 34.9 87.34
54.27 5.65 41.11 42.39 65.17 57.96 26.48 65.84 60.18 0.47
57.67 27.1 57.2 74.13 85.81 97.91 35.67 38.95 88.75 47.31
1.79 83.37 77.81 96.67 42.8 87.64 37.84 50.81 8.57 96.19
78.78 69.52 59.37 73.01 27.35 97.26 90.22 33.39 55.94 15.27
10.74 15.31 64.68 49.23 44.76 45.4 20.08 26.03 47.1 50.34
32.33 51.12 34.08 81.08 80.76 77.01 1.9 11.4 8.17 63.66
26.7 99.75 31.7 99.61 67.96 5.26 37.49 69.39 47.45 11.16
26.39 91.5 76.25 82.25 35.22 55.22 6.68 69.42 73.04 16.34
43.19 87.94 56.8 61.37 10.44 61.01 26.01 85 31.35 87.47
20.77 28.89 16.19 76.11 73.44 47.92 6.36 33.04 33.84 19.85
74.06 44.63 38.23 75.26 96.46 63.94 1.66 74.42 15.35 0.21
64.61 14.19 14.41 17.6 74.25 96.04 3.41 65.96 73.33 95.58
54.27 39.13 49.32 52 14.71 4.86 30.13 90.21 73.86 29.71
78.25 23.57 88.69 76.76 65.93 80.38 11.79 27.35 78.99 60.84
90.71 59.92 27.18 25.74 51.88 64.82 34.67 87.07 60.76 0.65
84.24 33.81 39.07 60.05 5.43 7.82 24.45 89.14 74.36 7.68
8.76 28.3 53.51 80.17 85.18 18.67 30.38 70.78 1.67 9.81
75.43 93.11 89.48 77.26 28.84 7.24 2.72 70.17 70.63 46.38
67.05 10.27 38.97 85.53 37.81 75.92 27.9 23.44 84.34 55.57
8.11 14.66 66.99 4.58 69.63 3.16 38.82 77.31 71.17 54.23
90.82 80.71 98.74 36.11 15.88 59.84 94.78 58.76 42.37 89.24
97.25 99.79 26.69 74.27 19.52 42.01 30.91 55.14 4.16 84.56
80.87 82 69.06 86.26 43.52 66.31 2.2 58.38 27.75 21.57
85.03 33.19 87.64 7.48 22.29 51.68 38.64 55.74 13.57 2.78
74.59 65.01 22.92 42.44 53.18 40.25 26.62 27.65 99.39 81.15
21.18 1.49 37.32 25.15 7.38 75.36 78.58 36.29 9.39 97.92
39.27 16.17 4.35 26.33 1.17 6.51 29.68 26.31 35.6 74.96
30.88 94.9 59.14 27.78 83.25 38.73 35.26 62.37 62.75 99.97
7.99 41.71 3.83 81.51 24.49 37.57 81.23 67.97 96.08 7.72
31.91 98.49 80.48 21.67 46.34 30.02 96.45 47.65 14.74 60.39
87.48 23.33 83.44 51.53 84.1 22.92 51.75 77.68 98.43 18.31
21.42 21.93 49.73 22.66 14.92 45.83 49.99 6.08 5.88 83.2
20.6 50.43 3.77 78.41 67.64 32.87 91.56 73.8 66.84 5.06
81.56 23.6 84.13 2.55 9.72 22.18 38.19 55.47 12.19 6.91
60.39 9.27 53.28 89.62 18.31 69.51 99.81 40.28 85.88 30.26
70.7 17.93 88.05 32.36 58.49 52.97 19.86 12.72 22.32 92.62
34.03 40.26 89.09 82.59 7.53 48.52 66.93 6.45 93.81 73.19
86.25 9.38 3.29 43 44.65 76.88 35.72 87.47 14.09 79.98
51.78 99.32 0.72 85.21 79.62 81.09 50.54 6.72 65.37 30.75
67.35 82.24 75.68 57.48 17.26 0.95 31.86 20.69 86.35 92.43
24.01 11.19 50.47 71.23 1.45 50.79 66.64 46.01 7.64 24.46
23.6 93.98 76.39 15.26 33.47 92.78 60.21 83.91 33.93 65.82
96.91 7.68 29.44 16.19 97.8 48.34 17.82 56.2 23.42 74.33
73.33 45.95 30.13 36.6 19.36 58.64 76.7 59.76 81.41 37.11
40.39 43.44 76.76 63.63 35.97 69.68 69.83 64.59 95.33 98.49
55.93 81.07 82.39 4.71 57.8 1.1 7.04 91.78 91.18 22.83
40.71 71.3 7.32 93.66 97.22 14.62 45.3 79.36 32.34 3.59
97.53 51.05 96.29 39.36 15.22 56.53 71.22 66.97 12.43 29.97
34.18 14.53 46.39 17.2 71.17 0.32 75.7 4.41 66.02 54.13
9.58 44.59 6.68 96.94 58.79 39.94 10.97 42.45 35.58 10.44
19.16 11.8 25.32 66.48 38.3 49.92 7.89 92.61 87.36 45.79
54.95 23.74 98.92 36.73 45.39 91.24 60.13 58.11 52.83 43.65
21.08 16.75 93.89 89.88 36.44 60.15 55.35 77.69 57.69 60.01
7.71 98.19 80.12 48.14 21.49 95.14 13.06 0.14 61.55 5.7
9.42 68.28 48.2 13.81 95.39 12.54 75.56 78.8 10.63 3.59
5.27 52.49 36.13 76.03 64.51 85.67 9.61 4.03 87.95 22.18
35.05 11.54 72.5 58.21 94.98 44.54 16.85 81.94 12.49 2.43
20.92 54.28 26.92 20.13 34.02 73.54 30.07 21.4 25.14 7.79
76.19 58.13 23.17 87.01 41.8 32.71 7.45 38.91 25.62 84.51
49.32 32.54 13.71 67.03 40.26 3.06 91.02 84.12 5.55 77.17
95.23 84.23 57.93 10.76 93.86 38.21 56 9.42 93.13 85.47
9.58 75.41 2.49 66.61 98.45 64.1 14.03 13.25 91.27 70.48
48.39 19.42 6.26 90.28 20.3 0.81 14.6 14.59 4.65 28.88
21.92 19.65 37.52 32.66 37.77 44.48 84.08 65.98 4.15 33.36
47.67 58.91 65.28 20.46 72.02 80.47 86.41 89.11 84.73 76.14
22.45 70.54 6.32 22.46 99.64 37.72 82.1 2.24 26.32 88.55
92.09 92.02 52.92 42.89 26.97 5.23 8.22 21.79 35.9 15.02
59.5 45.77 40.5 93.95 28.15 51.03 14.76 46.98 99.42 62.12
14.14 39.54 62.33 53.9 3.01 30.81 61.39 22.63 37.74 3.4
27.17 45.34 29.43 82.57 25.66 24.25 24.12 63.79 99.57 22.9
79.8 75.82 87.9 69.43 19.07 74.84 27.4 99.83 25.2 20
40.95 27.05 73.86 19.68 65.58 76.95 68.14 15.92 25.18 53.56
26.52 40.69 40.75 2.33 57.24 16.15 2.94 18.86 45.55 12.9
7.77 80.39 38.42 90.06 18.55 15.64 59.12 45.5 19.43 13.5
34.63 21.51 88.5 50.23 25.41 9.46 14.02 10.02 89.64 89.71
98.78 16.83 32.99 48.58 39.31 63.11 25.18 4.18 4.7 59.59
63.8 99.84 55.91 13.05 98.88 50.62 10.08 73.44 20.11 47.93
53.91 35.65 49.51 80.08 21.35 86.45 97.03 72.14 55.1 3.41
81.49 70.66 8.66 59.56 36.11 21.24 22.29 83.6 13.51 36.99
86.51 67.8 79.77 3.89 88.1 92 40.46 1.58 84.49 20.33
62.1 56.13 35.4 79.15 85.46 20.11 37.51 95.96 62.24 86.05
18.81 93.7 88.26 28.44 83.07 6.64 32.45 84.84 99.36 61.33
28.53 56.09 88.8 42.62 22.65 91.69 47.92 2.29 6.93 82.85
93.24 11.61 73.51 31.45 6.39 26.16 50.22 0.23 81.38 44.43
