70.51 83.12 50.72 92.09 7.19 94.88 51.26 81.49 98.4 22.35
21.22 13.58 2.37 43.98 97.58 68.9 81.91 15.54 72.07 80.42
90.01 9.52 90.29 9.32 6.91 57.57 16.61 97.29 11.44 3.19
48.89 91.29 77.4 93.75 30.12 49.39 84.18 6.63 85.58 47.06
34.84 51.02 45.51 2.92 57.64 61.53 28.73 37.4 82.35 86.93
93.98 84.91 95.05 72.98 23.56 71.14 58.28 64.34 27.26 65.63
32.44 70.74 16.14 44.17 25.34 10 6.23 3.41 48.79 39.18
57.36 40.91 60.04 71.18 66.69 8.92 62.32 98.87 85.84 44.52
6.78 45.42 34.57 22.79 27.11 7.68 75.45 3.36 4.53 68.23
67.33 21.7 66.73 7.39 21.53 50.75 84.51 75.63 29.71 1.1
