0.75 40.09 36.43 23.7 89.64 40.89 28.27 98.71 98 34.88
33.25 18.17 16.98 30.39 89.55 58.68 74.84 67.91 36.05 31.18
37.01 69.38 94.54 49.63 8.83 28.54 44.38 1.27 16.59 19.04
68.24 47.95 25.75 19.49 33.32 53.54 63.11 59.91 99.2 65.07
95.55 11.65 88.91 21.29 47.2 57.72 8.34 43.86 54.17 10.05
67.42 51.01 4.8 33.91 71.17 55.2 47.49 12.07 85.05 67.45
69.5 13.32 2.46 3.95 62.72 99.92 31.43 60.51 90.45 4.36
71.08 79.79 32.86 42.43 24.29 15.34 1.94 56.27 94.26 72.77
43.76 35.51 21.81 25.78 50.98 55.12 23.68 61.48 37.47 58.12
3.88 78.66 4.1 1.43 21.61 16.67 1.19 28.66 60.13 49.17
