18.45 88.1 11.99 37.49 80.24 81.23 31.63 94.78 2.9 76.84
10.75 26.29 38.25 3.88 36.27 77.17 9.38 58.05 20.45 34.46
35 13.84 75.35 38.04 20.62 36.89 80.98 2.21 96.27 5.32
2.52 86.02 68 2.72 73.68 47.86 62.9 79 95.33 88.35
73.49 31.03 4.92 89.62 97.87 99.4 50.7 5.73 60.25 56.22
41.26 99.84 61.93 78.64 93.78 99.89 38.03 89.37 47.19 53.27
85.65 71.09 44.61 5.68 6.37 72.95 80.89 7.93 43.96 0.62
91.95 3.63 11.25 91.25 79.91 46.04 37.74 20.24 41.83 35.56
57.91 13.24 66.49 26 94.97 93.58 90.29 14.38 4.73 78.63
4.5 5.3 89.56 64.14 81.53 21.68 74.93 84.3 14.33 57.48
96.77 63.29 90.21 16.39 60.1 52.29 11.79 38.5 38.59 89.19
78.55 97.28 30.75 81.18 77.2 68.71 4.13 41.29 43.52 93.59
87.83 85.23 76.17 36.46 93.85 36.53 28.22 98.75 89.11 27.73
66.08 40.57 77.25 98.14 95.63 81.26 10.36 52.8 88 69.65
63.7 70.65 94.2 62.02 81.26 17.56 10.41 98.76 86.6 29.05
68.91 34.71 0.85 67.49 58.46 29.22 94.6 65 91.82 52.78
10.76 99.64 18.15 27.05 6.94 5.56 33.58 31.78 26.41 53.81
68.95 12.54 86.58 25.99 14.32 62.81 2.95 29.99 86.86 18.97
5.19 78.07 74.07 24.56 31.41 72.22 75.92 64.16 15.08 95.54
16.23 50.92 20.44 1.88 19.24 35.72 34.53 82.91 49.24 97.29
91.4 77.16 43.34 72.18 91 58.16 56.58 0.87 18.79 69.9
72.53 74.84 77.57 61.86 86.42 18.08 41.16 96.3 64.46 53.82
99.53 15.76 65.23 56.11 0.46 24.76 63.36 83.46 2.05 96.84
96.94 86.05 45.55 77.81 11.26 96.36 70.96 67.08 30.81 83.94
70.46 11.13 17.12 26.94 87.03 12.5 70.22 21.44 38.21 25.07
77.62 25.81 19.4 10.21 94.73 10.21 7.23 36.37 28.19 74.5
34.03 55.58 78.53 57.47 64.78 16.17 18.07 92.51 30.69 21.96
11.35 60.28 1.39 88.32 26.3 23.19 27.09 69.76 81.85 19.68
77.02 93.99 7.95 67.41 84.05 60.41 25.13 61.6 15.86 82.53
19.74 0.46 9.94 19.69 32.63 66.86 9.83 85.75 20.5 55.42
84.67 61.27 92.35 67.7 18.38 41.56 6.39 43.51 18.46 31.95
97.57 49.04 86.15 26.97 48.65 36.3 13.08 34.13 68.99 99.17
3.24 25.26 44.63 84.92 74.8 8.3 17.74 76.05 77.07 57.83
20.53 50.3 57.63 92.77 4.77 84.55 40.72 99.4 92.03 65.9
75.15 22.03 30.4 41.59 40.57 53.38 93.56 49.83 36.31 51.44
3.35 46.03 64.96 76.64 93.2 77.25 11.57 20.52 56.81 98.07
92.37 92.18 31.54 74.35 84.53 65.82 99.41 68.02 95.69 12.81
73.86 0.35 21.39 4.57 40.92 8.3 16.99 80.33 92.52 85.06
21.53 74.02 52.77 93.48 70.71 9.53 56.39 3.45 2.74 14.03
64.96 14.13 55.62 53.99 95.19 39.81 10.56 54.43 63.87 54.18
67.68 21.22 70.84 71.91 8.63 68.76 98.8 39.02 10.87 3.42
51.37 89.41 36 32.83 23.25 67.02 36.57 2.27 53.5 32.23
79.43 26.52 49.46 39.68 13.17 86.22 26.14 46.27 63.49 1.87
60.95 74.97 32.14 41.83 30.25 92.98 9.27 17.72 21.24 91.72
36.34 68.33 4.27 70.01 23.32 28.12 23.67 60.34 8.05 38.61
87.48 75.05 44.59 37.26 9.77 85.97 2.36 92.64 50.38 8.39
8.99 65.35 34.89 41.17 21.62 52.64 55.38 63.32 22.9 51.54
62.24 58.67 92.39 9.23 86.02 93.66 98.95 84.76 44.35 73.68
94.03 63.12 6.56 47.65 49.83 39.45 54.44 43.19 17.67 82.44
66.86 0.47 50.67 26.69 5.13 87.1 4.37 37.1 50.13 53.09
59.36 67.24 67.96 0.26 13.63 65.71 87.43 97.55 16.22 13.88
23.13 30.8 5.17 25.79 25.72 36.2 18.58 50.93 94.91 25
44.63 25.62 30.56 67.24 19.33 37.04 0.24 25.98 5.75 11.76
46.75 9.08 21.78 3.49 32.08 11.12 36.49 55.13 27.6 50.9
21.8 51.22 62.33 78.98 98.48 54.38 49.83 14.22 95.25 58.83
24.06 68.62 98.2 42.26 52.43 85.42 39.04 89.09 40.92 94.52
69.83 26.3 88.85 76.18 85.12 40.5 29.72 26.38 99.11 55.66
9.35 65.61 61.82 74.16 56.44 16.69 32.79 92.82 22.81 14.91
51.44 19.54 82.29 45.47 56.69 40.93 71.75 19.08 88.76 44.86
23.1 52.95 87.09 52.81 65.29 58.95 72.97 10.85 11.2 15.4
30.69 78.57 80.74 13.29 75.75 84.7 36.72 76.66 13.28 7.42
61.54 14.18 52.02 58.75 74.49 95.16 55.55 7.94 28.44 2.72
85.39 18.66 96.47 95.76 49.78 34.88 20.97 49.31 36.14 61.01
35.96 71.06 89.88 12.9 73.55 8.26 30.21 26.42 9.67 4.41
8.51 52.98 66.58 19.96 61.39 71.4 97.68 8.48 21.25 90.42
18.42 2.8 56.02 83.37 13.57 57.91 68.86 66.19 84.43 26.54
63.34 6.74 38.65 82.08 98.68 36.18 3.2 24.52 57.44 56.86
63.19 52.02 27.21 89.74 11.45 10.58 64.92 21.75 85.71 27.45
54.36 40.92 65.93 0.85 82.68 64.2 8.42 80.92 29.37 18.19
57.21 12.64 53.54 33.09 35.33 71.41 36.2 76 2.75 51.1
27.61 13.54 60.42 78.13 30.74 83.39 81.03 24.01 2.85 15.64
47.63 0.61 29.52 89.76 78.9 65.75 40.62 0.26 62.52 57.5
90.41 50.79 24.5 89.28 60.58 77.41 89.61 57.86 72.61 20.76
44.27 36.73 38.08 20.2 1.27 81.85 20.61 32.72 33.17 85.64
97.97 11.22 1.58 72.38 95.44 83.42 10.51 81.42 87.71 82.99
21.89 3.91 29.85 29.35 44.45 53.19 59.25 35.62 29.58 11.44
7.5 64.31 72.79 0.53 51.8 25.26 77.81 96.55 61.7 69.65
81.69 63.54 38.69 80.57 57.9 10.65 19.56 90.79 97.65 19.13
8.97 62.39 52.36 59.89 54.95 24.68 58.92 88.45 23.87 55.97
3.14 25.64 3.84 33.6 17.05 65.94 14.3 18.71 46.62 23.76
92.99 31.55 68.76 57.78 23.65 65.05 74.41 62.25 43.42 41.54
33.21 92.9 38.08 96.15 28.89 71.77 64.03 68.37 65.74 38.82
66.7 0.61 95.03 0.57 9.38 16.39 78.72 26.8 9.01 87.52
11.77 99.21 27.5 61.21 64.87 38.85 78.68 2.98 90.41 25.17
10.27 53.83 10.69 93.35 35.93 72.82 1.64 9.39 29.5 42.1
35.71 46.13 93.23 56.34 82.12 4.46 79.89 22.84 43.16 64.31
29.62 32.56 58.78 26.85 96.99 89.91 24.16 81.55 22.9 74.29
20.36 48.6 26.78 40.55 51.95 36.89 45.96 60.97 2.21 66.1
97.84 43.71 95.63 56.56 80.85 23.89 33.44 67.46 55.93 51.6
24.05 19.34 24.68 7.03 76.05 17.15 62.67 99.02 73.77 58.76
58 83.54 15.56 77.59 56.68 30.73 34.81 99.59 4.88 43.07
65.08 14.16 89.6 93.45 28.3 31.29 27.86 56.29 37.89 32.54
96.77 34.42 35.71 75.5 36.04 5.73 61.1 76.42 76.77 3.01
96.8 75.36 95.9 49.19 19.44 91.43 54.8 58.85 93.13 89.55
76.62 26.24 6.17 49.31 71.75 0.03 17.16 46.57 87.46 20.5
21.14 4.58 80.42 8.51 76.15 48.39 5.06 37.39 3.61 17.55
20.98 77.16 4.71 23.58 58.75 86.7 95.28 37.53 5.36 64.84
6.02 85.23 90.69 3.84 61.24 18.52 29.96 5.3 29.34 93.68
23.1 25.08 73.35 28.94 14.31 44.18 16.31 24.01 21.73 90.72
85.42 21.58 40.34 2.2 64.93 66.07 78.96 80.78 15.48 42.24
