97.62 79.7 26.19 60.52 18.05 3.39 89.44 87.45 75.51 38.79
75.24 75.88 35.18 2.24 84.28 25.79 88.61 74.41 16.96 57.42
19.24 53.28 98.23 96.9 52.54 97.87 4.33 13.25 53.74 10.17
8.77 72.83 86.84 32.83 51.81 14.25 55.67 33.15 90.86 46.48
8.67 12.59 62.2 96.44 79.01 67.76 45.1 25.66 95.24 97.37
32.94 2.15 97.63 2.51 88.28 4.29 31.8 70.47 43.39 19.63
1.43 84.78 63.47 49.16 55.95 9.79 98.41 67.76 78.12 77.38
35.72 69.94 87.58 15.04 25.29 28.33 2.01 84.11 5.46 87.9
55.09 18.27 16.18 29.57 97.68 15.86 13.8 15.52 51.9 25.2
73.01 60.4 33.92 15.05 88.78 79.41 99.92 24.59 27.35 91.2
