1.48 86.74 98.65 26.55 60.33 73.11 16.42 31.61 78.17 21.93
63.02 39.78 23.6 8.1 29.48 26.97 67.16 10.53 94.39 70.65
57.55 92.86 55.02 4.29 76.1 2.03 18.87 43.03 6.99 94.41
19.83 5.94 43.58 72.67 54.92 0.06 85.23 66.06 35.03 45.25
44.86 57.28 88.44 23.64 38.77 96.35 17.08 49.79 10.94 64.52
61.01 41.76 76.04 73.53 98.8 60.49 16.2 52.19 16.2 89.86
20.27 71.83 93.85 56.86 13.3 52.03 80.47 61.6 58.53 70.16
45.04 59.4 68.88 27.06 80.67 58.42 4.18 20.24 98.42 87.71
52.63 61.28 89.91 71.35 17.21 64.26 50.5 44.78 16.55 77.45
99.26 1.73 20.81 67.97 87.25 23.08 48.98 47.16 7.21 41.97
59.02 47.86 2.53 60.08 91.1 1.26 22.35 16.53 6.02 47.84
2.07 98.57 89.91 89.68 68.67 89.25 28.81 76 48.44 96.42
41.22 50.53 31.81 47.86 72.2 46.26 47 51.87 35.31 68.85
50.74 14.69 3.43 13.98 28.06 39.83 71.13 72.29 24.44 74.69
85.31 27.23 48.73 46.76 66.85 99.4 57.86 57.29 96.53 44.36
23.1 5.91 0.7 21.92 44.34 67.83 3.65 56.38 22.92 41.73
48.08 5.67 71.94 40.64 91.03 97.23 62.03 14.74 14.96 76.38
70.86 96.97 76.38 48.1 34.33 20.22 73.93 17.89 1.73 7.72
60.92 46.53 97.13 14.91 24.19 2.89 84.91 5.57 26.91 0.33
46.3 70 20.15 23.93 43.05 68.06 31.35 23.29 81.64 24.41
58.04 72.17 56.89 90.19 68.42 69.4 8.56 58.05 3.4 61.06
72.82 4.78 0.47 56.67 29.95 16.3 70.32 82.48 12.98 3.08
8.63 94.04 95.95 37.57 3.12 78.43 9.27 32.54 44.15 14.81
11.61 15 26.84 34.46 50.77 48.49 16.23 64.01 23.96 22.9
66.22 94.91 16.67 10.79 76.21 18.22 56.21 54.18 16.45 10.54
60.94 6.67 81.04 78.06 15.13 96.52 67.32 57.09 27.16 12.41
87.1 8.34 13.47 0.82 94.25 88.14 4.42 53.4 74.15 84.82
14.55 83.96 75.1 18.57 17.83 92.38 87.11 88.55 19.67 68.45
58.68 70.02 44.86 77.72 14.31 6.87 83.94 77.8 12.51 97.92
70.88 17.99 0.45 37.41 13.2 2.77 90.26 91.2 98.08 1.48
45.12 98.62 61.84 78.61 33.81 91.95 78.45 3.56 42.37 49.65
56.26 5.61 22.5 21.64 9.16 47.97 78.12 59.6 57.65 8.23
29.48 99.71 81.31 30 6.99 32.48 12.02 65.23 8.24 62.45
84.95 21.29 31.62 13.81 11.82 50.75 75.55 80.41 39.75 96.42
61.42 8.16 21.72 7.96 52.18 59.24 71.19 53.51 90.78 56.95
0.65 93.47 10.79 94.38 44.62 33.47 22.81 65.65 92.55 83.81
43.31 98.44 29.6 11.78 29.42 35.76 30.35 40.15 52.23 27.08
15.88 99.65 18.58 1.61 8.63 52.07 93.69 37.47 87.35 0.82
70.14 88.95 97.2 62.73 50.78 46.98 30.63 11.54 91.18 5.96
57.29 5.3 36.98 28.85 97.21 59.28 61.48 22.14 92.38 20.81
89.85 91.23 49.32 12.4 9.14 75.19 57.06 82.65 11.78 61.04
87 28.38 99.63 14.85 23.69 24.09 79.43 72.62 82.16 51.63
93.31 64.03 28.54 27.72 4.86 16.48 8.99 9.8 16.35 33.83
48.07 7.21 88.5 82.22 66.23 48.82 0.22 88.02 16.2 95.64
17.55 23.16 0.14 17.39 45.26 18.59 21 81.47 11.54 2.58
25.67 11.59 20.64 47.48 93.12 0.25 81.26 57.26 59.11 52.04
65.15 94.75 29.02 20.39 66.98 14.85 21.09 55.06 7.57 40.83
82.79 65.82 23.88 22.46 68.13 8.72 10.95 70.32 94.49 73.02
52.96 18.23 43.66 81.26 74.84 33.18 74.62 40.27 29.95 52.54
25.4 6.72 16.94 32.03 69.71 32.58 18.16 92.41 13.66 92.33
18.8 86.65 90.34 91.52 17.75 35.34 5.29 85.98 83.17 92.53
97.04 5.08 83.6 89.4 91.55 20.87 95.52 39.62 44.16 54.72
33.4 81.44 69.37 64.98 35.61 52.78 86.06 39.55 64.37 68.25
10.42 36.87 70.15 64.76 19.89 22.26 49.45 54.36 9.62 92.45
58.64 21.61 90.65 35.15 29.79 8.33 80.8 50.36 77.15 9.91
65.02 91.05 20.5 39.24 70.16 77.6 6.07 78.05 13.83 88.27
63.6 11.9 23.13 79.96 69.69 39.08 33.91 58.76 26.45 66.81
52.08 14.13 44.33 18.6 84.84 99.64 19.61 83.43 6.52 49.31
24.46 1.09 9.59 47.89 94.21 71.31 18.24 10.43 57.34 53.5
8.62 4.55 3.3 15.26 91.88 72.56 46.46 42.82 97.78 80.61
74.88 3.8 14.99 41.33 12.8 30.78 53.62 86.15 27.53 0.85
9.1 67.73 35.44 94.85 70.13 30.46 3.88 56.13 32.4 61.31
94.78 66.44 90.52 82.42 44.99 31.07 68.09 52.98 56.71 50.77
85.98 35.59 95.01 46.54 53.64 62.47 36.12 85.44 7.77 5.79
19.08 7.55 12.64 87.62 7.62 14.45 86.4 39.78 0.64 32.96
32.1 26.16 23.28 45.72 88.71 50.11 96.58 72.85 76.17 2.28
49.96 34.7 65.13 5.68 33.46 9.33 79.29 25.61 7.34 23.77
33.3 20.89 89.21 0.58 24.89 6.01 31.79 52.47 79.58 55.78
26.64 18.86 48.13 5.22 57.96 72.56 35.28 31.69 84.72 31.86
96.53 88.84 2.92 35.64 94.04 68.73 83.27 39.63 31.56 66.2
46.7 0.89 25.34 44.98 6.97 37.76 71.21 62.68 81.32 98.43
46.08 81.9 53.49 63.98 28.89 96.8 7.21 86.71 99.12 30.13
37.8 4.84 10.19 13.07 57.92 63.91 51.35 26.1 39.25 18
6.03 7.04 40.03 7.29 71.15 42.76 32.44 65.44 16 29.37
84.45 83.44 91.42 72.78 99.18 23.93 61.82 75.88 34.32 7.93
85.89 71.91 30.62 49.31 81.89 73.44 39.83 99.11 52.5 13.38
42.6 2.74 98.96 85.97 28.05 8.96 5.55 2.48 27.45 24.63
24.3 20.57 62.69 35.58 40.96 34.25 72.76 42.77 7.33 15.48
85.12 97.59 76.49 34.71 12.08 28.21 4.66 0.45 83.78 90.13
5.1 6.67 25.55 40.67 62.58 28.18 17.09 7.26 44.76 91.25
55.6 72.55 61.8 10.44 20.13 24.53 12.23 23.37 12.7 14.68
9.48 20.65 71.06 30.96 33.23 47.4 77.44 65.32 44.49 11.92
35.13 55.12 8.89 16.27 5.15 28.66 77.44 1.6 96.03 62.12
7.92 99.73 16.18 44.15 77.84 15.86 15.72 44.62 87.21 48.36
3.89 94.62 57.64 39.14 58.45 35.64 93.62 62.4 68.38 6.8
78.76 68.42 49.47 9.2 28.13 48.35 34.11 24.4 80.12 78.47
63.98 85.77 23.26 97.42 20.95 7.51 22.43 85.71 1.71 4.08
67.76 40.99 77.61 42.98 7.89 6.09 79.22 53.15 32 10.97
0.67 42.63 57.78 17.87 20.33 9.1 2.24 87.95 22.28 18.68
80.13 1.43 2.63 4.37 83.5 49.69 17.34 91.52 1.58 11.58
12.89 8.11 92.5 84.21 39.21 25.6 33.92 88.6 47.85 21.98
42.52 3.28 64.15 85.23 43.23 67.87 23.78 8.49 96.76 43.63
42.85 7.74 26.03 28.16 59.25 68.72 1.2 0.78 54.56 47.45
49.59 0.12 66.63 31.2 19.93 39.88 12.78 69.12 93.07 51.88
61.37 49.88 28.46 89.96 95.05 35.47 42.07 41.06 18.46 30.33
7.75 75.14 26.15 93.27 56.3 20.66 36.01 43.55 36.43 73.81
55.89 70.42 29.12 17.65 90.53 44.78 45.32 65.66 79.51 77.95
71.04 93.13 54.74 13.9 68.3 55.91 48.33 72 72.62 2.79
28.63 11.51 40.43 93.46 21.22 37.73 3.82 11.32 0.66 90.53
3.05 60.05 18.68 5.64 31.11 45.53 22.42 34.21 11.46 25.81
