29.53 52.85 6.97 96.85 22.48 12.21 58.56 7.64 57.42 96.49
71.51 22.93 16.06 21.71 72 22.22 44.94 78.11 40.24 14.56
59.7 17.84 49.79 3.65 16.43 54.56 59.08 35.42 73.32 63.61
13.23 18.4 24.14 23.04 51.43 74.64 5.17 60.99 10.07 83.89
40.18 23.7 16.76 23.49 8.17 0.43 33.53 49.71 55.58 63.91
42.37 95.19 40.28 36.78 26.96 73.01 98.86 34.9 22.36 55.79
22.66 48.43 67.82 15.66 6.26 7.34 2.21 42.92 94.29 1.32
71.23 73.76 60.62 63.76 62.66 33.93 69.07 66.89 55.84 67.47
32.8 69.77 29.26 18.82 10.69 1.89 29.33 41.8 13.26 77.74
99.78 78.07 88.65 65.19 63.88 93.64 24.61 7.59 91.07 26.74
79.69 45.61 80.52 54.45 7.47 4.75 20.66 84.88 44.1 49.97
61.9 16.24 97.98 13.54 18.58 31.31 70.7 68.11 18.59 6.9
40.18 40.26 80.22 62.19 7.39 32.2 56.04 59.62 0.88 57.63
76.96 37.36 71.06 46.75 95.13 25.56 25.45 66.75 84.75 48.58
43.12 29.74 65.71 52.89 45.43 0.43 21.3 20.1 84.56 41.61
2.81 25.97 60.84 5.43 62.79 20.38 7.11 91.31 0.71 9.36
57.37 61.7 12.13 38.4 42.54 64.16 46.34 47.5 15.28 57.19
31.5 21.91 12.76 9.81 38.38 56.71 80.83 6.02 20.22 14.21
64.01 35.11 36.48 17.51 67.79 88.21 84.54 6.48 35.89 35.56
0.68 16.39 27.77 39.07 3.7 35.06 32.79 80.8 67.2 13.78
78.33 26.25 3.07 88 47.18 72.66 14.39 23.13 10.5 65.59
74.45 22.7 29.95 1.81 48.16 22.39 26.55 90.92 9.7 15.94
6.28 9.19 77.48 15.02 46.41 41.03 96.7 74.12 27.95 58.53
81.79 51.04 99.62 28.39 24.17 82.29 77.34 24.29 2.31 25.35
24.44 1.8 42.64 85.49 23.09 84.5 12.8 97.66 86.32 30.91
23.48 68.82 23.02 7.64 82.06 17.33 48.23 61.58 18.73 54.72
23.32 55.01 15.94 63.69 37.17 43.86 2.08 81.8 81.72 21.9
67.82 42.01 57.93 24.63 21.34 50.16 3.98 11.12 7.12 50.43
41.58 40.6 38.27 26.83 27.62 49.87 56.43 23.89 51.89 54.4
7.64 34.53 6.33 34.5 41.9 16.92 4.96 29.54 9.7 32.87
47.92 73.88 12.27 12.56 29.93 59.14 17.36 50.57 14.64 99.17
26.57 76.3 25.85 12.05 4.4 93.22 36.8 6.03 44.35 85.33
4.33 88.21 66.87 78.92 39.62 57.06 78.31 9.05 0.69 40.38
47.08 51.09 11.06 39.84 38.79 26.51 15.4 45.39 20.06 89.83
72.26 6.66 85.31 48.63 45.61 52.39 82.43 23.61 76.41 52.85
35.97 13.09 53.17 74.44 27.05 84.12 94.95 61.65 45.56 60.81
67.31 63.36 7.61 76.7 15.38 30.58 52.25 17.23 89.94 83.14
12.07 23.39 86.2 25.82 82.29 73.91 91.03 56.1 15.47 59.83
64.43 7.53 95.54 96.38 29.68 28.86 12.11 26.37 80.87 10.77
10.45 64.43 31.46 0.46 94.87 8.51 80.32 80.42 76.26 40.46
85.15 87.21 75.55 65.24 47.26 44.75 24.48 64.05 97.53 32.69
84.57 68.36 11.03 21.51 6.01 40.54 38.1 37.63 73.16 95.84
8.85 18.09 30.83 6.87 3.45 41.05 11.98 25.31 62.12 74.88
80.82 85.11 33.28 59.74 58.27 81.7 76.8 2.71 31.31 64.09
11.92 6.74 81 84.97 73.89 42.06 24.43 73.36 66.35 46.59
99.25 79.63 99.42 76.16 21.66 91.25 11.22 17.21 10.71 47.51
81.51 78.35 10 0.83 50.23 17.95 45.91 8.37 22.26 62.51
30.23 79.88 37.01 34.79 78.61 87.01 92.14 23.04 37.27 83.37
2.98 16.62 45.02 34.16 65.31 73.39 88.93 70.78 49.4 65.33
42.34 37.09 6.71 78.77 9.64 15.08 24.9 94.06 6.7 94.78
61.64 93.51 33.48 95.01 20.86 16.13 16.83 76.48 52.4 14.11
94.38 92.27 20.25 23.63 92.3 57.43 11.4 4.74 12.73 59.45
2.55 92.23 51.42 25.35 87.42 87.56 16.64 43.77 57.51 52.32
63.77 15.08 82.07 88.59 44.33 98.52 95.25 37.4 89.99 41.63
5.81 88.48 47.35 54.85 91.04 3.24 60.85 99.75 7.05 33.33
2.57 4.39 49.63 19.73 37.4 95.89 76.18 22.73 69.61 52.9
93.6 99.68 5.83 40.39 7.45 64.15 40.15 67.94 20.24 0.27
2.65 23.01 67.95 25.91 94.19 76 88.85 78.39 8.36 70
69.14 56.51 3.66 2.79 59.52 1.68 37.63 90.85 34.69 70.43
53.62 41.59 17.71 2.8 87.21 0.4 92.27 87.78 72.37 3.18
11.93 66.12 24.96 30.46 1.96 57.35 6.98 76.74 98.57 14.77
75.07 29.38 23.68 67.49 18.32 68.01 12.47 6.96 72.04 4.73
44.45 51.08 0.09 69.77 32.02 26.38 34.07 32.46 17.1 5.98
11.15 48 14.71 11.33 26.6 60.07 7.74 9.62 31.87 55.89
50.36 37.74 11.45 80.7 16.49 83 67.58 63.49 17.02 19.49
98.46 1.29 23.8 53.22 14.54 2.8 50.04 84.11 93.52 60.18
10 88.73 28.43 96.25 73.61 55.03 25.91 87.91 77.39 60.7
6.07 90.01 13.42 87.69 5.91 23.71 13.27 53.98 18.88 13.48
10.06 38.22 29.62 58.19 38.57 71.98 4.26 11.46 41.29 15.43
67.56 4.1 46.59 29.56 70.19 19.52 89.69 20.66 68.38 3.98
95.14 67.48 23.89 71.81 2.24 20.07 1.73 27.45 61.12 71.87
69.11 75.33 29.12 21.8 99.2 50.09 19.08 26 39.88 99.69
20.57 64.1 96.13 54.08 11.57 28.54 45.79 5.57 92.3 74.38
9.8 67.57 82.03 38.04 70.7 44.09 14.96 50.01 80.09 74.89
82.38 62.37 50.83 84.16 23.06 16.24 12.71 76.26 4.77 29.76
21.5 4.52 14.04 16.6 1.68 69.23 54.16 81.61 49.4 47.6
66.8 25.06 16.14 7.23 6.62 76.3 5.93 82.77 50.4 7.65
32.46 1.3 63.84 19.3 9.07 35.9 86.06 10.24 24.31 49.91
37.95 59.66 23.25 40.76 20.82 74.44 44.64 77.96 98.75 63.55
66.22 88.9 26.87 85.92 63.67 76.16 29.63 20.41 63.11 24.58
63.34 10.51 88.18 28.2 56.77 98.44 96.88 4.22 23.62 79.88
32.34 53.51 97.77 60.25 10.36 11.68 51.39 98.83 95.62 5.62
51.17 72.69 27.84 33.54 86.83 40.54 94.21 41.48 20.9 21.35
94.48 56.31 36.92 91.17 31.5 57.11 32.31 40.65 24.42 23.6
14.24 33.26 11.42 94.18 0.12 99.62 22.08 26 89.19 38.33
80.17 19.17 92.48 30.87 67.62 74.09 17.01 59.89 4.48 39.6
25.47 47.34 54.03 80.92 82.57 41.85 12.25 75.8 98.37 4.09
75.92 61.65 20.07 48.84 63.39 92.96 8.45 52.41 54.84 14.84
73.66 84.22 17.07 82.54 40.51 94.17 37.66 25.5 43.71 2.29
73.78 59.23 69.82 51.75 69.84 23.77 95.4 25.21 7.48 68.98
82.71 59.74 98.98 36.04 3.9 92.47 72.66 40.18 78.36 16.78
13.02 8.53 44.88 87.46 52.32 73.56 77.58 86.82 19.46 63.53
93.9 58.05 46.96 47.66 83.31 49.85 61.04 26.39 15.83 8.19
15.18 18.34 5.25 12.79 70.65 8.29 84.55 89.67 16.9 78.47
46.89 42.09 85.82 4.42 54.3 14.04 97.54 50.07 5.85 84.28
30.22 97.06 50.54 43.27 51.49 4.47 49.07 25.1 76.19 80.37
67.93 0.48 32.88 91.79 95.03 36.59 14.37 6.97 9.13 8.68
73.32 36.71 81.65 1.21 53.49 88.35 26.3 17.34 46.86 28.47
47.32 68.53 71.95 68.1 24.92 78.33 52.7 43.2 80.76 67.48
82.57 10.44 31.78 54.47 79.05 64.93 83.97 38.75 27.65 32.14
