4.88 13.12 11.5 70.6 34.53 77.17 57.03 18.58 53.11 45.25
19.52 60.82 66.17 27.5 79.92 20.9 16.79 89.49 9.99 16.06
38.33 79.8 92.6 1.46 14.12 64.15 53.68 46.68 71.41 95.16
38.88 60.09 28.32 52.74 77.59 84.07 53.04 16.27 24.75 4.34
83.6 9.8 8.73 30.35 54.89 76.92 62.27 66.62 53.65 18.59
1.37 21.47 88.19 13.98 52.38 51.52 19.56 17.28 2.92 58.85
81.02 63.23 66.1 41.11 60.22 10.79 39.89 26.65 54.11 14.9
81.57 7.28 36.81 78.97 54.98 5.42 7.8 8.37 2.54 43.53
20.45 14.98 36.53 26.61 85.94 8.04 77.3 14.63 47.92 32.35
14.35 2.03 55.48 24.56 50.01 14.97 69.63 79.04 5.04 26.43
